1.70049288307831 0.465101255563672 -1.95780438649657 0.193410155333483 1.3748349811798 -1.11863816375959 -0.400843996202213 -0.995611155473832 -0.614481058656611 -0.373394959729741 -0.00889149034779657 -0.641508540508578 -0.265829237890743 -1.00278882034155 0.541494883381851 -0.700309024583553 -0.741085582000979 -0.224972041505714 0.608714397245756 -0.315467885223939
-0.192275054307071 0.649034804917861 -0.64880494608461 0.915213672202715 1.07709277862569 -0.578612082877906 -0.0588924899576261 -0.863043476809195 -1.32620714281297 0.228779383148956 0.975574941314683 -0.586333342542753 0.728073670800154 -0.385626726517688 0.606514401734993 0.357222545281518 -0.742980273989671 -0.686004421948156 0.910421358171223 -0.706257903243436
0.976709357195978 -0.243169960392368 -0.575195903884652 -0.505434216666496 1.22952555246308 -0.861008843459705 0.0911928990590169 -0.692509571133031 -0.989287284125358 -0.266735855571992 -0.397930987743705 -0.966600676779449 -0.199460235238352 -0.412760954593123 0.0294663485890861 0.0645939819086148 -1.29396631671548 -0.214976703164287 0.588748119887363 -0.529218316939048
0.341226772038468 -0.691244410062381 -0.633530367623643 0.958856685892374 0.201053481975047 -0.182537016010302 0.399742821180899 -0.143198078243251 0.0838403768020743 -0.0691795616271398 0.389593802197711 0.163113867459832 -0.488732199471094 -0.951730470974789 -0.199675386856594 0.166756604619609 -0.254999048544776 0.0483768422966606 0.491731413833121 0.0712029135786896
0.364362276034629 -0.300394220572783 -0.802496428121544 -0.40794915395893 -0.858512619979052 -1.30933426416305 -0.353135741660503 -0.208827991806241 -0.00575200312765312 -0.160647899575251 -0.197170223048185 -0.397502236802511 -0.821713203666941 -0.218286628405744 -0.023696533016207 0.677068395266793 -1.27865713433434 0.280387383387454 0.129204161045278 -1.54449689175896
-0.739908708218343 -0.25893125460476 0.646181432613487 0.17241575438088 0.60110181990784 0.560763575816506 0.407368406212228 -0.601234316946888 -0.404141484446096 -0.629618014208395 0.46863074336583 -0.427044309789332 0.45767669458932 -1.03983909110942 -0.220859842073761 -1.11116235374106 -0.791743902533841 -0.445288016728513 1.01489963780615 -0.239511326915321
0.247869153803067 -0.407420977421894 -1.20731456248263 -0.140225827558158 0.743628012518213 -1.05854816816872 0.327759403344351 -0.206960972760141 -0.260889618857673 -0.82407153623135 0.322014783773176 -2.08799394295112 -0.659838267771316 -1.01428326419768 -0.127069640254656 -1.16980403872294 -0.703443510635883 -0.816328151765796 0.297626574732803 -0.316038145204739
1.08285512156494 0.394134924620316 -1.7040182808422 0.0824423199555767 1.26658657188654 -0.987380745283246 -0.609019433632108 -0.624593061526557 -0.631154103066443 -0.0117187692657804 -0.162006232305142 -0.762528501940505 -0.301394629794673 -0.629117449525673 0.14205839980397 -0.426490294849947 -0.824993045411077 -0.582759073799417 0.968133407536569 0.455704461705974
0.397630318789793 -0.44199977293561 -0.291838836332042 -1.09807947250422 0.683562113612119 -1.41187904897535 -0.838074079594856 0.155662112535222 -0.330188907807033 -1.03770196039668 0.504177537428267 -0.30264799222382 1.00755261546037 -0.390876476779069 -0.382326175533977 -0.621153092665286 -0.920712449773216 -0.615897215767103 -0.0607511312502887 -0.525520792170138
1.45180525630568 0.692546315012216 -1.60183700901139 -0.381466347960829 1.2312298564129 -1.87493478427472 -0.769964625858676 -0.515594478241325 -2.1501470886246 -0.572419465820155 0.0539556428332588 -0.717285178900813 0.38975635257553 -1.90688027456787 0.196589883908447 -0.525562468703678 -1.7271639025533 -0.791667283143772 -0.204744084195651 -0.317053277373169
1.13628786550292 -0.0579756679688808 -1.72035646510812 -0.0544408346197814 1.16874820132584 -1.423040237346 0.587448688602751 -0.437392669902166 -0.43058914510044 0.744981321748343 -0.323912782079989 -0.417001754673844 -0.47615482644669 -0.189951104835213 0.261598364937984 -0.352549605031074 -0.361004139821696 -0.335916604356779 0.858430518298885 -0.281012253091142
0.595373574164532 0.220095246608136 -1.28287028267778 0.0236707857808351 1.95881984466754 -0.531373246080053 -0.721696653755939 -0.656803120792447 -1.60426468215153 -0.513633215501223 0.104107792779954 -1.43535719312044 -0.443099775655649 -0.929112618020533 0.929213140905483 0.180258262089931 -0.995027707744123 -0.16992328791916 -0.256922960642646 0.455550934146269
0.563699537242196 -0.111293444371223 -0.587120222414742 0.480146056581095 1.19391093952187 -0.651495986489566 -0.599086527012292 -0.303557305320102 -0.367473163036303 -0.154514778279241 0.368030690948528 -0.537544040015354 -0.489416974809834 -1.28459998372846 -0.169216345777837 0.450842280161534 0.0906265595006752 0.327209408635193 1.34349546612065 0.208074395596714
0.849199786959068 -0.0289208255426974 -0.139104956153464 -0.469073711629127 0.359195256013769 -0.214332307264268 -0.643495353750702 -0.387203863262424 -1.11541632992515 0.215327251506682 -1.57941459529869 -0.580124764472439 0.0541744487298796 -0.113471285240687 -0.0780034180220502 -0.259512893106473 -0.520630882783601 0.119058422727301 0.811429252066717 0.0390682956051592
1.41306482218019 -0.12415073161242 -0.61934416861585 -0.913814629979067 0.828016831564497 -0.532352627116893 -0.556738559375595 0.25095283477916 -1.0684188217959 -0.288700485132001 0.151512755659445 0.214208048586094 1.16994496098156 -0.290176691653141 -0.188604055437417 -0.705352172326364 0.120178324900814 0.220334722564995 1.09798946257929 -0.193487864634898
1.17092262754389 0.298489384187084 -1.73619688440554 0.417629807433501 0.960743029107749 -1.09946003704148 -0.4085292104362 -0.449603848324264 -0.388939223543192 -0.804444890139975 0.16005159325327 -0.71472921573288 -0.331409939735529 -0.227607813719752 0.508454904037248 -0.984481800155162 -1.13627808091058 0.545131723153296 0.357681977163447 -0.332637349237218
-0.74532295664182 0.607099358511269 -0.421417313867861 0.270614392946504 1.36950692707306 -0.293554070377494 -0.499874905484094 0.146646007212164 -1.23410550685049 -0.38265707475601 1.09209498366604 0.0054269023690135 -0.540292036335851 -0.442966545424262 0.00930524293988605 -0.353456468381851 -0.198705561529538 -1.04898094831818 0.28464349650247 -0.341657407348772
2.76437867563164 0.471492162808563 -2.5661832963218 0.459374802811346 3.11096111879459 -1.55565119265367 0.565508703704444 -0.546616887760313 -1.41279544427824 -1.47657453003905 0.617222994951217 -2.35726192524129 -0.705599745016046 -0.954149094297404 0.594549468302274 -0.0410162760255582 -2.33028966936804 -0.34767564207012 0.279703657241637 -0.362273954408021
0.272216245825975 0.497067192802159 -0.903494705739336 1.19906241929801 0.783154063050508 -1.09264053679405 -0.292405698737825 -0.660467075556854 -0.3336854614526 -0.0954378076447988 0.867360081365687 -1.37531873930894 -0.555398671552642 -0.0449619834740604 -0.0626360355187217 -0.589382747046672 -0.685877069672336 -0.516199037348482 -0.0234593003634775 -0.649219021498551
-0.123143606356947 -1.17223938019347 -0.427705013738113 -0.959048360306453 1.19689845007825 -0.250333209973892 -0.878800486821518 -0.189562999810949 -0.366334885271995 0.5924955109755 -1.07897727862556 -0.484667444256048 -0.175658209944893 -1.35519245529183 0.136487265506091 -0.132860138247227 0.232344893569465 -0.444219372398435 0.593257911045927 0.52430221963188
2.82911900821605 -0.106289558488592 -2.57557188877623 0.318580451520583 2.17248322637901 -2.88464100658237 -0.165549265141641 -1.15367780674043 -0.870703192428529 -1.8031640297994 0.48301075018531 -2.85982145922631 -0.212946610808746 -2.04609479096663 1.94616182084934 0.0350237182194942 -2.09047411623125 0.453177587236373 0.545554788647416 -0.863064406917771
0.988757015299719 0.758630404177872 -1.44388070642482 1.21469051608745 1.35875002207274 -1.02506564990973 0.519186685188514 -0.66970820786515 -1.09746336858926 -0.751822677140038 0.724657669702878 -0.93533759769236 -0.439253571305892 -0.590741397622842 0.711616512369518 -1.76719656460628 -0.982107179040701 0.0603320949699067 1.1294391481661 -0.0314346483846144
-0.208258244279531 0.499617810734095 -0.294796211413942 1.55109411749354 0.430119103296545 -0.0743828650304718 0.174200408708812 -0.744023454481918 -0.426831562394069 0.490460320722529 0.308628713758626 -0.641410076302135 -0.396285734429779 -0.689412881194664 0.445543598193234 -0.976960388413857 -0.897832779717383 -0.903928441345216 0.241759495804864 -0.305522646626939
1.49773511705279 -0.711857361426422 -1.77844485201409 -0.682192671703546 1.94073740220174 -1.21204805408438 -0.780669586289036 -0.354709318094565 -0.493444771286593 -0.472459368739963 0.202725088356846 -1.21483943181571 -0.171287786873539 -1.31116030029951 -0.0905850724539563 0.587890689054036 -1.28043182413585 -0.563740207840003 0.289070543117025 -1.06093572326209
1.92792931986069 -0.398744288410452 -2.57040957529626 0.595168083906355 1.62089661295269 -1.3675131023567 0.0515158959584209 -1.38158628102691 -1.42753495641534 -0.245842032608344 0.446073354873475 -1.61499963913822 -0.644692688446809 -1.19148603935335 0.973917695323078 0.331554564722259 -0.499753165615801 0.619755266077095 -0.432843703834875 -0.73930170902136
1.80029553210401 0.263135018840085 -0.826470507769033 0.421003967337997 1.16962398122497 -0.701318733220103 -0.677859289992844 -0.661732300042264 -1.08227405424824 -0.660934925042204 -0.192799969871977 -0.612538681100247 0.668311905980507 -0.625252415430046 0.387007826140761 0.122650900928932 -0.64732024232709 -0.713943674660984 0.576747496892245 -0.624883715894643
1.11177268408654 0.529288699646124 -1.20204887695505 0.110795241038701 0.736264556107996 -0.4937957985184 0.0406040860023223 0.0828934337314996 -1.1745193334282 -0.771862801961601 1.11232772932303 -1.13668081873534 -0.719783072762062 -0.365305320429083 -0.416945723071035 -0.81115000044374 -0.438069816217761 -0.0900899901227317 0.342761149407583 -0.792722793645664
2.2827457141646 0.45005235974469 -2.77755050757781 0.289660619785315 2.22073365944829 -2.24533865900526 -0.0376036377366266 -0.172128442595103 -1.15120968181308 -1.71575042825821 0.429599022694699 -1.98963211098797 -1.14402725209906 -0.780811349478942 -0.413598278829535 -0.442564957111096 -1.51825618231743 0.687412468903754 0.163900682503346 -0.0666347096320775
-0.632308752052379 0.287187679036226 0.0230454700743991 -0.0625974216691129 0.640713047066941 0.530056168374288 0.784179455962712 -0.123701012283585 -0.29045647812638 -0.213773999346077 0.400347811620523 0.41902417340238 -0.585372900911707 -0.758807145108077 0.108001228636245 -1.02603288983868 0.0599334677719594 -0.0308600459569416 0.509862889722069 -0.0115266883038483
1.75468973960534 0.588667870789041 -1.13330708382682 0.0577703484299334 0.669408505285972 -0.973846372554202 -0.77641902524668 -0.825520648910168 -1.17822497115807 -0.496324219734435 0.0981949506938194 -0.402092715508502 0.239466920539691 -1.83575744961163 0.498878622646994 -0.170661399438947 -1.30544793258463 -0.251172931844648 1.33932668857308 -0.588288310708423
0.569107883710057 -0.530366032235841 -0.270727097043809 -1.17894671508402 0.857377294078265 -0.412996421003793 -0.552412862637954 -0.131719118183465 -0.895378524287786 -0.0312086567081407 0.147650847606274 -0.706377884368076 1.28423688227084 -1.68926036639498 0.63427733622125 -0.286954507948889 -0.284652687960451 0.204247446115876 0.415349038713187 -0.200596855108369
1.86425125386296 -0.0316414736261162 -2.44364456885545 0.858860007709989 2.14342720109742 -0.874634308045349 1.01686581696143 -1.00535459638783 -0.72824756758889 -0.395638703959361 0.0233227153920668 -0.490456653134871 -0.593362836792836 -0.718793403115993 0.2476153335995 -0.430048111215226 -1.36436346336308 -0.143068173076648 -0.503027247908071 -0.693897391936371
2.49216421621069 -0.565501202679415 -2.02321561436099 -0.645171818016794 1.74431963184172 -1.00618222899019 -0.38844363248449 0.0950777772373007 -1.05327450351874 -0.230678565523269 -0.931416638741966 -1.31172816353506 0.937192934216755 -0.827604371532815 0.148597627465973 -0.286311349975887 -5.69284691575855e-05 -0.444342576298451 1.06805380796584 -0.17567337493935
2.03669996027896 0.472416140595394 -2.23440041538856 -0.656583967903629 2.77438162190701 -2.38443589246479 0.536460603478168 -0.796408396719909 -0.91286475472906 -1.71111812536577 1.01715695827673 -2.14477866756785 -0.301202645588923 -1.43787121954124 0.749239317960696 0.0630150136360911 -1.12752695038597 -1.02187737589244 0.786783072470964 -0.450610303057286
1.20110997229773 0.173259653683646 0.28429271369961 0.493678640448454 -0.167937263857176 -0.716780414448677 0.611879020507735 -0.377494944070316 0.459925186916002 -0.47049445039533 -0.348509568684218 -0.717576257735703 -0.626454187411224 0.437690955025779 -0.390606915978057 -0.0778033537411836 -0.735564079028587 -0.262275205177409 0.312368867464588 -0.00701186329027315
1.89953800613646 0.0218253646924728 -2.38636791766971 0.688023874143146 2.04101236581904 -2.54986716678756 -0.47275249034064 -0.823572221324162 -1.20549325826201 -1.48068142557785 0.669651710106421 -1.66189549009914 -0.494017435436173 -1.79632027241904 1.08247205351839 0.672219856722084 -1.47677622321497 0.0482398713843451 -0.402088918439589 -0.697183521202299
0.392032560771452 0.903961833785127 -0.885574359162399 0.727635900312142 1.30822391381936 -0.677042264978918 0.652710743108462 -1.50175454736648 -0.370578448090185 -1.18568058029504 0.211897912269321 -0.27926408726735 -0.0496157645959437 -0.393983497035778 0.372363163158595 0.112321171297449 -0.852798790629715 0.377657209749336 0.516468598210994 -0.852512080444765
-0.98606751479726 0.297071770677606 -0.378432015591924 -0.0259280014565081 0.275575510555439 1.27378469429989 -0.0628126280298104 -0.779414374517599 -0.662477936009492 0.234829890022939 0.433642843818061 -0.673779591511115 -0.3178796559502 -0.70500063895796 0.113359292054218 -0.362768919355869 -0.110588678163027 -0.41486936745438 0.633228996230468 0.224957629209838
1.85964702963165 0.158306173455465 -2.34395077348551 1.12777030166133 1.75957612347463 -1.59237860244128 0.579833270020644 -0.939796186618296 -0.681373737322148 -0.247268122664964 0.955647955474872 -0.894217186811506 -0.723893891889562 -0.703160113461653 0.598046672600464 -0.724670066404606 -1.30260362259244 -0.189902963059731 -0.0356209893024804 -0.213969187629648
-1.54818633866359 0.225357387821279 0.59291816952814 -0.376008271631022 -0.3297968525506 0.82257255798341 -0.897637548020655 -0.957795477021238 0.328043935444246 -0.0939540332677855 -0.083081389319562 1.20643697973131 0.656337222838376 0.427481713413782 -0.306349709034182 0.432096574310455 1.01601738329996 -0.476598373497638 0.988980412974921 0.016513720310816
-0.609828125274184 1.194774819232 -0.456469858268396 1.52201076392149 1.52043318174098 -0.485155382307526 -0.148450317320996 -1.24371969861382 -0.939618504793319 -0.58653171620583 -0.167337519655275 -0.636489030261524 -0.105246988631873 -1.02180300885594 0.121165823178733 0.0198895258854294 0.358632928257637 -0.244148835365987 0.373652219635123 -0.160950988788294
1.95313613790581 0.301642088946866 -2.70775393683639 1.08641400423564 1.64458804928013 -2.30134619887191 0.338347578037031 -0.0535413566211969 -1.22989059071215 -1.18008899076271 0.823512495123606 -1.69140206635511 -0.668596049266057 -1.30697345317331 1.32599992752509 -0.2174558113303 -1.41376685040808 -0.883865492218247 0.629171359444803 -0.121543556536356
1.80204052013319 0.208294592428665 -0.388042793374769 0.452297648745758 0.639639234590034 -0.357917655978943 -0.803191990413962 -0.247382888631502 -1.24914540251625 -0.687500765025848 -0.455713007118723 -0.927026248783126 -0.290495935044377 -0.606473420353966 0.353141244068683 0.855952262363463 1.06949192983864 -0.709021432105194 0.456185570726538 -0.862346962457651
-1.15634060442803 0.128324696986842 0.760619572324925 -0.0315906607927688 -0.0848664495006952 1.00308103210742 0.755450535342618 0.0149521347591636 0.235069840649342 0.0960790129667505 -0.768397237269762 0.75008186906058 -0.466607620488262 -0.213653261944543 -0.0741233580394952 0.325167553529042 -0.957139488767676 -0.733512388700806 0.0155906105949472 -0.220022311899396
0.276238987828733 0.302712910105232 0.475021414050901 0.486464802591029 0.288569788649614 -0.0791794970858227 -0.582177456382313 0.64028141291421 0.355166348787889 -0.836403207335254 0.0111139286255255 -0.213846906434821 -0.0807462147093271 -0.224091252682842 -0.423537264184262 -0.136878212456634 -0.320261251429425 -0.0195894555536855 0.0129929498300922 -0.0272018160838464
-0.00114235165091164 0.637025215116082 0.284960865929968 -0.16956519207283 0.446603966723502 0.314755067895311 0.131383833277601 0.265724115048085 -0.204482675181415 0.218173180127622 -0.151726598549641 0.419046052023176 0.298947889102041 -0.543472336536914 -0.418466995910127 -0.758685474771064 -0.556698831637861 0.235823680672515 0.438295699039955 -0.618401175310133
2.05041994842894 0.598380201372436 -1.1012595674637 0.302960506396997 0.856756572950044 -1.10900096479069 0.0813792504405325 0.0966921308466328 -1.11987231590405 -0.456189480050213 0.209603820132062 -0.835674796035214 -0.1399954083591 -0.301851573272877 0.555645514064144 -0.237060921678325 -0.7270743063332 0.758775347564428 -0.0317487098087746 -0.0816671794330892
-1.42562981314976 0.908749726096916 -0.316975834422128 0.0171598623813817 0.201887107681395 0.510149211164589 -0.0199937598611054 -0.825936449488097 -0.530465105019471 0.878729887674156 1.17761567077864 -0.0590504894515961 -0.39322616273308 -1.6372577392584 -0.0495205826441628 0.59936566292952 -0.261700844648381 -0.145623112595557 0.367527949464417 0.162021157934375
0.119660454555339 0.0900345146894078 -1.21336332885169 -0.0880657891659857 1.33352966779794 -1.50576700682879 -0.188388656916219 -0.293030676334685 -0.470613454961594 -0.627059714482019 0.224657027204712 -0.137959226261856 -0.295854717583743 0.105709578542789 0.320242457109177 0.563629612693457 -0.827356045151676 -0.278473226642409 0.487734794811067 0.423939563432235
0.987132996387607 -0.327226043299401 -1.32766299365117 -0.496697949638271 1.97366106463143 -0.716938155297437 -0.885302797202333 -0.395890881757602 -0.12703017932591 -0.61266808400233 0.850340791509988 -0.957668741908625 0.915440138417157 -1.18146365653705 -0.0958427689169519 -0.477567179254564 -0.941450105534406 -0.008831715645647 -0.288233087473904 0.463256635196194
1.59864744498819 0.33436341259184 -1.72538173115729 -0.309526287983535 2.75368025742443 -1.72847084140252 -0.155089868930169 -1.32694934946573 -1.11597428702718 -1.00020351586248 -0.295689942353683 -0.651402904054724 -0.552564537534907 -1.22128827493351 0.575622522894987 -1.13978389876547 -0.17487715921851 0.666811390624678 1.06448673275111 -1.02234417479346
-1.89074363793047 0.735224126191379 1.09603726559499 1.04646931040962 -0.0575234309267254 0.524436815175178 0.60443339306673 -0.312470299981339 -0.0440645890252857 0.993792423697822 0.839997072342572 0.0903935721177097 -0.959674091724445 -0.150859470819416 -0.183934519940139 -0.0281656960353287 -0.241878714155803 -0.00188969392411936 0.844549136577109 0.543782778745107
0.529899377038619 1.11634228802998 -1.12536071021376 0.757471476076388 2.01831535110039 -1.71108828846025 1.13265560695682 -0.724222879028236 -1.36850460058901 -0.321952865309847 0.161722358297167 -0.443214390143641 -0.981529717777467 -1.27476389134341 -0.194120040819877 -0.24774174119213 -1.32766994380964 -0.382891904423602 0.281523143768555 0.550945591849458
-0.331972208331051 0.853522532755375 -0.390082162917599 0.704260842626367 0.239841857132259 -0.834777336059505 -0.413818196222742 -0.431646573723399 -0.416920677313094 0.180819359706511 0.544713194490631 -0.786375108184182 -0.338446698437375 -1.3223055812019 0.202878755432556 0.46991355874428 -1.41512005609175 -0.0931224701430165 0.372523095752971 -0.458002213176547
-0.32139656743583 0.346382889431265 -1.34376226606743 0.461433360689173 0.906006060641008 0.0434367398090805 -0.198857166104806 -0.25821949574517 -0.211516827593013 0.308052898238514 -0.887475066759525 -0.154506263012182 -0.216568981513514 -1.53983359249874 0.135046141289392 0.975044801231561 -1.09423660078301 -0.837116671188645 -0.560321511841553 0.387342205652231
1.46156476476979 -0.516108121911303 -0.57366642265261 0.050345758233124 0.660027819314384 0.11559719166273 -0.85687357638808 0.0569168469105624 0.445259482115651 -0.0218648139576391 0.317098694406808 -0.84730687502558 0.379452545786382 -0.210725175831718 -0.450375669808699 -0.405463770716191 -0.121028153664773 -0.452906070053575 0.73304317652697 -0.463664748256782
0.870264008573892 0.329113749433198 -1.70697612131128 -0.680035564971906 1.24900894669464 -0.468082850064501 -0.538859593543142 -0.992969290757464 -1.28736901177793 -0.635318014667223 0.721145310616783 -1.08557673177767 -0.121604023669042 -0.461055132445918 0.726227552701197 0.377557509227301 -0.635251410531069 -0.717604392278502 0.156092749750408 1.11177798175137
1.13382238644068 0.109953391525713 -1.70460294247394 0.353045928622469 1.95531799091273 -0.885352982226273 0.0719170388517011 -0.453283965579742 -1.90880395017848 -0.302608910055216 -0.46678226311302 -1.79966328427683 0.622342283189345 -1.16041647928594 0.596846394651015 0.213466404473016 -1.01518381970188 -0.237044098122957 0.906661482436015 -1.71221498154475
1.07768049858725 0.317480434908384 -1.06146027162291 0.460518928737817 1.13373147259202 -0.780641586685455 0.171909923878194 -0.157525690441723 -1.02443553991939 0.321634152596179 0.253775081012582 -0.57710561051719 -0.525766109970341 -0.152874742089924 0.241486663370937 -0.300785996637676 0.115932131561724 -0.668576377924465 -0.0142411993078272 -0.221670777572677
-0.375548502684631 0.666754458218738 0.403845520421399 -0.561278906623845 0.231579324888568 0.289042210247031 0.769603261561533 0.579015094898143 0.387519377685885 -0.476298171472005 -1.07579035407258 0.291836316071174 -0.329969497635245 -0.534123812430927 -0.595952864989821 -0.0303756902262227 -0.523015738171904 -0.361578856447049 -0.575399491716557 0.489375285002563
0.777870745043484 0.0803727926519542 -0.604524269118895 0.0534928263097408 0.251027097027631 0.0758201344065338 0.3797034635535 -0.504371082294703 -0.406881043775908 0.274294414216425 -0.235054404329938 -0.585271049658889 -0.207401364479875 -0.488497773695419 0.348087937036075 0.138143519374953 -0.752904025217807 0.348175894579979 0.23556304009379 -0.240644148278093
0.861864342373486 0.0932589598641283 -0.583220150598759 0.553459560532003 0.322412249300995 -1.29236584674933 0.791453950574196 -0.520497973347982 -0.567583375971081 -0.188676924523655 -0.422657729441188 -0.889438300180678 0.126857395861654 -0.225687593104468 0.568369991386946 0.72945516576329 -1.11879401550763 -0.246655233905811 0.341499653236984 -0.405363747391115
1.57588700175726 0.349653227482636 -1.8211066150119 -0.035527700403888 1.89802775580427 -1.31347462499224 -0.479108225534824 -0.504620133272912 -0.726070156403527 0.119291398989114 -0.0436553762840388 -0.940242990586627 0.641283407542474 -1.20110739310708 0.453758862634681 -0.697053883413298 -0.636659098023963 0.00885421403258735 0.143246737716572 -0.836143302416317
1.07898446655699 0.791781624213328 -2.46187321704002 1.96307772151437 2.27424146935664 -1.38180933492717 -0.246050203466143 -1.36183618720284 -2.41690841711954 -0.267369207452535 0.341777960436453 -1.37233796612932 -0.526982224829563 -1.2385653253322 0.993022728981739 0.524139429852356 -1.54802109710529 -0.34409729169159 1.38622030900269 0.846028863072833
0.963014425792383 -0.743235466415838 -0.848604631808934 0.408783348976432 1.02919729775546 -0.999484122924717 -0.0764425641770743 0.782146900374828 -0.235004177665998 -1.07142600403323 0.0272821143251736 0.0182722962345235 0.128021327380064 -0.85961340997429 0.437061003510072 -0.0916193444806277 -0.67059788354037 0.67611238835951 0.0543905970761435 -0.909464927994803
-0.450758454202078 0.411308165611211 -0.261705970800183 0.232582624972392 0.358418273709821 -0.439466851355879 -0.507754277167511 -0.272869150630269 -0.991398412310293 -0.114006884280993 -0.464410360500866 -0.897683466065477 -0.313127569088972 -1.1813348325569 -0.194490667530385 -0.490272003227978 -0.364992076520723 0.146655499219991 0.733131212003445 0.241753831845638
0.267175352053934 0.762840012092366 -0.07762720802788 0.684386208245764 -0.0819075060663679 0.362664586067298 1.08292782898725 0.0605842641374749 0.431305922481654 -0.0320529240874207 -0.48033330951916 0.10204139575718 0.746679877586863 -0.47201679147925 0.333306624251501 0.109969283754892 -0.509568348150952 -0.548318233880548 -0.457545110743633 -0.93192741828792
1.44170776822495 0.648788385679717 -1.9094700103668 0.308298891494954 1.290297944955 -0.546770822000217 0.0624910962877688 -1.34201354553274 -0.0884061861050217 -0.30423048349754 0.762966912501649 -0.732349812031303 -0.374578924934465 -1.22650782279826 0.292739743838919 1.47385283169703 -0.552878815065223 -1.05780682375357 0.451383522146145 -0.52391886903772
0.749553781489531 -0.147639959099757 -0.965524488009215 0.192532497666496 1.88930216929134 0.0969323446900607 0.0775342331647751 -0.836532640577618 -1.39646876968383 -0.267298703141626 -0.501057860296611 -0.839021437115445 0.320049042769153 -0.7334412627382 -0.788283084851654 0.0394010104387638 0.496701147352008 -0.0187958446653875 0.349804244056305 -0.807297641050578
0.993964361491348 0.0973339602183591 -1.88703826732927 0.523973680213694 2.44567651464959 -1.73503455007907 0.475132898470095 -0.391857559865177 -1.12572025793765 -1.03127418479759 0.508317296273447 -1.53032812458689 -0.652342127678998 -1.1177465438159 -0.14193439462502 -0.142532294359041 -1.62785065069711 -1.13219979376546 0.324816086492084 -0.915830456529113
1.19088206401237 -0.63995576051211 -0.626905861001936 0.00137598247169335 1.06963170251631 -1.51680618542935 0.498993095183729 -0.54071035009433 -0.0757789377268037 -1.14832932251237 -0.00310286462556517 -0.513337701254891 0.64158992373816 -1.27759035349813 1.19239563935934 -0.729599642425486 -1.23283640048099 -0.589868757513552 0.457837930110468 -0.991713905564385
0.734720792130574 0.372159648141487 -0.109677281922657 0.51791324742169 1.39316381899791 -0.561045155333637 -0.926830694571889 -0.544864357320403 -1.55041552898542 -0.536996971381816 -0.159383480170843 -1.14756537911774 0.0458894435227165 -0.378186708636705 -0.196630018617774 -0.0676582895834381 -0.451496798443214 -0.776066802578767 -0.126447288019514 -0.384462259195156
1.20454993348915 -0.754849333996704 -1.39310302339011 -0.00213076089575473 0.993632381290699 -0.604775772460671 -0.438986865512289 0.154031709558131 -0.0286445746000202 0.572970976483553 0.845520073146712 -0.263260317006218 0.572126865060674 -1.22593933394934 0.79476556161995 0.956574151835125 -1.22953726021201 0.264240707617069 0.0326988857220483 0.265447509376807
0.692163416596064 -0.0191327697801968 -0.186631287365329 -0.525213943103341 -0.0430808823749902 -0.435840357883927 0.461577629307489 -0.143161714078098 0.340244357947162 0.1782336958853 0.0259478578203717 -0.639560550337198 -1.06868952323953 -0.766833961632694 -1.24009232615444 -0.25099463583225 -0.401975352463874 0.296847058349824 0.71181556318977 0.529888953704322
2.31913099555506 0.363189042894232 -2.74394254014845 0.28058167542119 1.68438801937974 -1.8830457764948 -0.0347714028276753 -0.723610603552839 -0.476238528299338 -0.552277402561443 1.30142729481538 -1.81011178889307 -0.2466915430325 -1.10129409331008 0.375697486057971 -1.42222605239703 -1.53655574270041 0.268787924000767 0.213995875326168 -0.509693403321967
1.37182420612634 0.698077908196445 -0.893001010888968 0.464157679926358 0.898269711866302 -0.020385076147738 0.171280862877465 -0.22800479205157 -1.41784716260105 -0.509022561091697 0.354518234979085 0.207627403348263 0.481136247316412 -1.35898747817691 -0.144949930757488 0.0160710070506125 0.211915185114097 0.166793330180343 0.450283752515251 -0.567565468328779
1.6181248811485 -0.104890322981773 -0.901011392996915 0.0279120866550927 1.7697463426932 -1.74981180874906 0.423239528038858 -1.17748745087443 -0.373326965202781 -0.53238973238519 1.02564742647044 -1.40087714203669 -0.285886543424268 -1.42360165303135 -0.18176195448304 -0.161128285117109 -0.491959476158925 -0.643331593792899 0.0675001382268007 -0.62180423007365
1.95888800486287 -0.862884918728485 -1.27003818756207 -2.01320447260376 1.40620838641649 -1.04663378714633 -0.729254933147676 -1.01689269125113 0.388473535879369 -0.393357519063827 -0.322866647995452 -0.836915217990057 0.271846488450456 -0.469246637173011 0.975622127377276 -0.880159974606106 -1.59563934246492 -0.456204004242807 0.414976491238585 -0.295325810641297
0.34930485508203 0.505477440515927 -0.0435668665757972 -0.729744323331051 0.249040620270697 -0.162601758122524 -0.23920898505334 0.388650658171216 -1.4384943334067 -0.655884421675224 -0.315909888496473 -0.400122857328177 -1.15826468207025 -0.369175929839727 -0.0262955838250304 -0.383054262291957 0.440375279609843 -0.387074725517865 0.280769027758558 -0.693094392012846
-0.612539885487055 0.582803585977391 -0.502916404755825 0.390263199513426 0.336999968227586 0.286184008456266 0.197569252968101 -1.2416774918173 -0.565044164460076 0.267654794096244 0.117623265259477 -0.0674736595512134 -0.525621755229655 -0.310924349802501 0.0121291428890562 -0.806636712908907 -0.338928710419346 -0.821894097530384 0.337433601412542 1.10417018126382
0.504924703265237 0.328135545727763 -0.709744377522842 -0.24887632929087 1.28475112548735 -0.859435605685632 -0.592206167488921 0.27351707493306 -0.401067339251427 0.160144736160344 0.226883250004539 -0.496636503515385 0.472959392012977 -1.12537459570983 0.20028241435191 0.134734174678601 -0.358486393502246 -0.442114089747642 0.468039301897126 -0.464089070233352
0.618152112803386 0.663172025060282 -1.37732802893879 0.374846016894735 2.0489937852249 0.416600647835972 0.992371294640304 -1.01740378484417 -0.355152925440114 0.547089714956907 -0.0697335901750076 -0.418052939748293 -0.058125264197494 -0.81829827938603 0.417252860058188 -0.239893697073058 -0.744854148044808 -0.324537590877696 0.515110454171162 -0.117221206836392
0.0999112465916807 0.549980063062456 -0.253372972974544 -0.262657076956494 0.34562351466049 -0.124397289209955 0.765435247059956 -0.363286434954923 -1.3989874456689 -0.124278897314236 0.438705617412401 0.0969701667455843 -0.510080104871506 -1.38337765772261 -0.351680728178425 -1.03412074562514 -0.546108007089918 0.131462501587988 0.264329754478626 -0.0597990414449156
-0.388052557755404 0.0926327121465048 -1.0239125577818 0.836134418601976 1.0646415012494 0.477280705152002 -0.117011336760427 -0.952577572671092 -0.268716176499822 0.658277987319544 -0.183606517478314 0.0896738431424808 0.232899895812496 -0.99596168640446 0.414569550186922 -0.416046761387436 -0.645978394118287 -1.21208191136926 0.91075616580278 -0.516582298711554
1.77408714008854 0.106844344862293 -2.17900541257248 0.280296002342019 1.71039659632419 -1.41761224922019 -0.285699754525741 -1.06490532890078 -1.98003141425548 -1.13177031350288 0.0301697425559656 -0.884292993766289 0.502593524243427 -1.41344675897543 1.20034969915269 -0.134602767861665 -1.27564818171821 1.18962038545559 0.7291367840133 -0.562220759653652
1.81062616023947 0.130755847827724 -1.13897009760256 -0.797153934899314 1.05092345431509 -0.84999975661232 0.210461600785585 0.268155563019545 -0.476199597184931 -0.959741012213001 -0.604806046687298 -1.60072063509888 -0.613598335263279 -0.490853062521705 0.097992726959349 -0.31136609371391 0.391534292751192 -0.103304562922117 0.0788741972787237 -1.1882296124904
0.891119129191385 -0.483332334036747 -1.9404623066853 -0.253961899330516 2.59844266492637 -2.21999806332429 -1.05085719183592 -0.51747765224978 -1.12767714200577 -0.583144760628195 -0.610427093353488 -1.40365684048966 -0.149113603096781 -1.50516372823202 0.487749063761128 -0.416780851195582 -1.31814157650553 0.216863477047045 0.328874471660352 -1.44823182704622
0.315151550513814 0.324744319936237 -0.607361097008108 0.103533567885983 2.31827411152301 -1.00215218071136 -0.458963358359779 -0.823902659563069 -1.28523423194972 0.7424173144693 0.18047754448449 -0.620763166904918 -0.510071848074024 -1.16406237764761 -0.170630391754747 0.13758015078044 -1.18941194264297 -0.438736807915351 0.685950512057332 -0.326103147759891
2.47559012713953 0.457362770701715 -2.7698606018485 0.911758754033076 2.41473800145017 -2.08428934229606 -0.461330885297243 -1.35925788396453 -1.36791968015977 -0.417171539233385 0.37502277322119 -1.45661581620643 0.0269886182274521 -0.144859138991778 0.203210479834909 -0.119708068784032 -1.66270614916043 0.232844313537739 0.299035928765931 -0.379336791718414
0.5784317255949 -0.298934914966025 -0.423817756361808 0.0794996971578377 0.0101077756284833 -0.0388041419786344 -0.925997372829249 0.132093767184506 0.600722268937083 -0.459897202124997 -0.38189365163833 0.508480915613504 -0.0783349778627369 -0.900199497265378 -0.000813455495137772 -0.10509808736171 -0.696297554130914 -0.276842431262122 -0.0466689683537606 0.608568554068091
-0.474897470358541 0.0176591329142852 -0.433707806382383 -0.646566284888458 -0.262511908630634 0.883207489567864 -0.820099203683208 0.0502744743503545 -1.10544812650096 0.126218878700852 -0.610638590678201 -0.668828786435936 -0.0502551311319708 -1.28572606500961 -0.527361343152046 0.0643463088299087 -0.598754353676294 -0.0474819865205766 0.242794234852421 -0.396200802417702
-0.263304846438898 -0.243933002944241 -1.71648649186472 0.627903488018804 2.05648937490857 -0.924742869700444 -0.651346831796268 -0.831314945466382 -0.616838703776367 -0.84344643864575 0.574943801710041 -0.158074653974342 0.329944030634656 -0.979144694643709 1.36432426196652 0.0124592181448991 -1.25797635356838 -0.197646411140949 -0.192118673848618 0.603171682301555
-0.868558886960964 -0.460590254400521 0.640869544530566 0.628219827443358 -0.102561469040745 0.617775891589535 0.296836527107711 -0.339436997323487 -0.705515751472146 0.262417545064915 -0.547079427364076 0.77687679671724 -0.286858157884793 0.146666210467403 -1.41902252701462 0.136541736087069 0.580698351036849 -0.0955809092635151 -0.0615045558137472 0.102070217154367
0.854799066687902 -0.00196915679572268 -1.30658126657175 0.546302108817109 1.44686261425741 -1.26315422467997 0.73434675680258 -0.774234549140724 -0.673698026042221 -0.174590854432109 0.00232264090069711 -0.900346236734895 0.144455011326983 -2.08603731894228 1.36558058107467 -0.582561275700011 -1.28369644005873 -0.524188431522558 0.70419052449174 -0.660316990526512
1.61228908161028 0.606826223558983 -1.61306219214974 0.633943247558676 1.12604158004657 -1.69933746992774 -0.502278864066533 -0.117532630671733 -0.0191602040723208 -0.229033442932188 0.701348714061103 -1.19067092910203 -0.0812303082037833 -1.18349063073777 -0.171409962545965 -0.173144729196564 -1.19916435546335 -0.454234133908615 0.0751664272216213 -0.186511126746321
1.0749778535339 0.360231856650535 -1.6730560022056 1.14131937994783 0.887870181434196 -1.59057582274375 0.756459606352501 -1.0897162189735 -1.18654085587853 0.298554786448755 0.305433360188338 -0.347368398608535 0.50552063503267 -1.63419787578258 0.408815945173222 0.447061319857259 -0.740833353421474 -0.997494162382612 -0.0596353174577128 -1.27488343951505
2.86352323866669 -0.0911012303767032 -1.80854643552088 0.407647545492988 2.44708745949898 -1.89818379977574 -0.443943326348512 -1.03116439285354 -1.49116348565707 -0.216983165592749 0.0155452094567597 -1.50875589165971 0.0720010725086605 -1.14247220255502 1.03983923416296 0.482057008770822 -0.347978020574591 -0.391320661024639 0.305391717128793 -0.0406217695293564
1.39273373846788 0.249346295665503 -0.78569889101436 -0.716903105935692 1.34013428952364 0.486206884519557 -1.60232865832375 -0.303133720807441 -0.0560785019479724 0.491429133009116 -1.41327163957598 0.0460768370658007 -0.09471500017762 -0.626945566270359 0.807113731881684 0.230297329927147 -0.0102915347004163 -0.768851966095013 0.433591199800546 1.0510505137148
0.443719958425518 -0.566709939141457 -0.0701102695784912 -0.0860855755492588 -0.283382396327049 0.625740294700897 -0.371461777364323 0.84572573371254 -0.851842620133814 0.561338855951398 0.50619126029842 0.592208382016681 -0.412855013482951 -1.23407607631323 -0.623831282984918 0.265569067314069 1.2231497839733 -0.0404324956218842 0.325007463710038 -0.284936151483211
1.7093300984661 0.678040065182639 -1.89570328038562 0.82595380376816 2.02544921823602 -1.64508108075045 0.507041448748562 -1.1648339012435 -1.2300504313294 -0.185269141205527 0.0496843551740873 -2.00260154107438 0.0477720642748166 -1.06427196588329 0.272446997696135 -0.851160289265777 -0.225507897429145 0.532883225485856 0.648336361634936 -0.0622403318410826
