1.37797471664718 0.560643851306923 -0.892571853839431 1.09361428228332 1.54606684897473 -1.84753203400909 -0.0478218237406436 0.0251196207800277 -0.659010552418518 -0.0718011964398401 -0.172773612620942 -0.933833956660592 -0.353012665040173 -0.552752396560459 0.323525917982257 -0.514039865888845 -0.935671017954207 -0.207186970896606 0.0224502655890281 -0.431461797570576
1.28535669344299 1.10346351761222 -1.01134460339919 0.711138035726107 1.2852172851062 -0.794496052873564 -0.00916900786398722 -0.631422048347485 -1.08684990963438 -0.172490492651623 -0.577991290168282 -0.656096780180234 -0.476955034627563 0.0698635695407414 0.671664449529338 -0.28256863540093 -0.682317699267989 0.562567812966869 0.339087463715062 -0.201801650642842
0.620202817446948 -0.462577967365443 -0.846947662060271 -0.680040590106081 0.592292919456548 -1.22889152209729 -1.08580880381014 -0.436982009704292 -0.581065590339095 0.235737015640023 0.268774780816216 -1.53999699177816 0.421165407713699 -0.0812149659422376 -0.632093367222565 -0.0883008510090662 -0.969837689224565 -0.259604498880923 0.362127977118583 -0.500686329637535
0.269603762084357 0.8147207686687 -0.457183240449471 0.355016913688175 -0.353792263362687 0.319503581823929 0.199689765261803 0.280915258189731 0.118999343390771 0.397201477633266 0.290672075798447 -0.201968586558374 -0.956182372824483 -0.161590053962676 0.211854370672119 0.805280295097606 -0.540560988403361 -0.0296783644435097 0.0597722834979068 -0.323147805615269
1.49624675366072 0.218716951921671 -0.984426953670554 -0.150426506795608 1.18415963804929 -0.679406738796151 -0.331955082460599 0.202240791764251 -0.567714973519727 -0.522366402478091 -0.134144630145384 -0.677934016178634 0.718695487079898 -0.6738412616433 -0.429699250654186 -0.530426037119385 -1.35757701943505 -0.695232813786938 0.157024190101851 -0.501500951501611
-0.737214531197745 0.257356521455397 -0.383733664799379 0.188876882014942 0.645348764582664 0.100103795057855 0.212213622027032 -0.484295376809548 -0.174935282829656 -0.187357621873664 0.776884286365493 -0.0410573321710788 -0.355774090992653 -0.145433027638469 0.138381907892625 -0.061796553029096 -0.030120013343617 -0.603078322162963 0.0728207975280544 -0.296646607163757
1.25824286578822 -0.31072788901187 -1.308887413991 0.565140983600134 1.45732439331343 -0.750742683459496 0.142566396080499 -1.0289583771517 -0.835069686891357 -0.536594987790008 -0.202591250766317 -0.991516056248556 -0.481671914866732 0.234442766583159 0.847018013042216 -0.28281713765859 -0.565315918679344 -0.161906662100468 0.276580680431726 -0.909053672985497
1.39463406713707 -0.212073431159118 -1.3283351922228 -0.184300580404026 0.893734860394538 -1.05801263289845 -0.543562273297262 0.413265550157598 -0.590922880472281 -0.836570731721708 -0.187661598805197 -2.10465638601071 -0.333079012261039 -0.640981022253014 -0.4921309627388 -0.62420455673961 -0.751340726787345 0.0683618910187038 -0.0556580730138688 -0.535528983951115
1.45955894619387 -0.754084974186942 -0.370209826611688 -0.529997075840391 0.722038322211655 -0.725820205614697 -0.415975062135284 0.28657024692871 -1.13229127656514 -0.723378354337597 -0.27394348125178 -0.791501968661073 -0.116072633295857 -0.86297637781213 0.348448184679426 0.479426134307812 -0.465963473589133 0.441552046702358 0.20231520997384 -0.453002019258735
0.637639446384128 -0.124527952675023 -1.37881320076685 0.150167933326425 2.03085869498714 -0.182424275675636 -0.254511313723016 -0.524859299421213 -0.604478083561807 -0.140372931814543 0.585464562646525 -0.637735287693758 -0.0976453453703247 -0.276617472669417 0.822378871047576 -0.812979715814603 -0.354714260969916 -0.0152942507638003 0.599114143632765 -0.276423932979048
0.228841013033316 0.483429075726346 -1.13682467646562 0.545014110787987 1.52816965465332 -0.479342256945555 -0.582826275150342 -1.09908699824935 -0.778776151888093 -0.34068759248151 0.316426942372827 -0.420227557978197 0.114143999938086 -0.843224661861682 0.179797440992623 -0.531553222958096 -0.954484721571534 -0.128647903999606 0.286237988777901 -0.924739190219074
-0.0137414006182377 -0.335308491054803 -2.01014983426874 0.343255967296009 3.28917801465762 -2.1328304650955 -0.0729729557137898 -1.5493360043748 -2.0304797833459 -0.657195058487534 0.496056103922412 -1.12619256832086 0.208474043334944 -1.26609695085661 0.919788959027365 0.500816846948915 -1.70509124024825 0.48511850939282 0.50290790978549 -0.705206728382894
0.509078608972232 0.794334788349665 -0.649078980800121 0.402876718892102 0.465795024898836 -0.328202296502433 -0.2956129442516 -0.56327518141844 -0.453468937697297 0.0815925304190617 -0.773465412626959 -0.195073041980189 -0.420562762690908 0.0685289497203041 0.689517410211596 0.073825708266034 -1.62819753562071 -0.605069631935093 0.627414150774454 -0.333410345190615
0.124503054854531 0.734414976086555 -0.297306737969168 0.383693008776854 1.05407587774195 0.126858889245288 -0.151872183865818 -0.160045439837092 -0.209045261903253 0.253142539757588 -0.244607879651944 0.327040196442899 0.343199254321332 -0.971211124526417 0.284926119052333 0.513665754003123 0.557902607828532 -0.0204735537798129 -0.285699805599907 -0.820180313898428
-0.0500605971892241 0.575277483932646 -0.538206166928285 -0.455357074512232 1.00923005728415 -0.824096620821709 -1.16883847218523 -0.827979287941772 -1.05926598918744 -0.731409457123598 -1.62620965399007 -0.651613879845751 -0.180006696534388 -0.71782264609952 0.159250153913656 -0.0801492312633917 -0.715783229697492 -0.101708773910916 0.41387409914701 0.264180623154313
0.990069125995587 0.428631424984306 -1.30306304949998 0.818732835081524 0.887202407501405 -0.94397183210875 0.25438866506994 -1.2005008138043 -0.522487953079934 -0.998939106615439 0.570468761230111 -1.10217582371566 -0.153415508472329 -0.634873991389594 -0.32950554483758 -0.441082099222761 -0.206109976113063 0.786897666277596 -0.192966435608616 -0.193728185882907
0.248085103853859 0.0845331274141167 -1.00086680338543 0.595166150043172 0.70802718402105 0.0723717383459527 -0.162682240466931 -0.826986364853173 -1.01278249049338 -0.31393617479603 -0.214568959656056 -0.154887596504697 -0.448090369718835 -1.139225727824 0.682466317134438 -0.929269336844002 -0.180407432692352 -0.515405521934694 -0.0527722850560833 0.244480066652006
1.1097087817476 0.695596728520294 -2.91353137043269 1.52205016190519 2.53549701085111 -2.44201489729534 0.584601719475421 -1.33815242144803 -1.39174238738154 -0.818655786725063 0.625209665038515 -1.90579219264122 0.290686925217409 -1.93661625422313 0.466985881569295 -0.163510847897844 -1.25823139216898 0.953381723402014 0.417671909004336 -0.250853182035306
1.09248684247857 1.00075046055125 -1.52686019737136 1.04168592440313 1.24957170427179 -0.838972658874289 0.826394454111164 -0.995400748693256 -1.22487864130727 -1.13074198402489 0.901242794971914 -0.244775679831783 -0.495255875039769 -0.77436340741988 -0.948137935966644 -1.08376445030263 -1.12360199101012 0.270938843385062 0.852362694216323 0.720804173645588
0.290114587449841 0.258500229353636 0.607003698723595 -0.448491920689387 -0.135249061200364 0.314635940246167 -1.11111700541775 -0.869296875663579 -0.330610415977066 0.119503014913275 0.735912256861335 0.0316279710119576 0.401439948339976 -0.766528191481126 -0.441795084304869 0.575594955067312 0.00164894804632079 -0.117863158920288 1.27128830262619 -0.408493799023328
1.77037754635423 0.0357430004365966 -2.38268359276207 0.311926196672688 2.67392838272002 -3.10418812406632 0.223731029723808 -0.709620664931557 -2.34969469191267 -1.62199506190745 0.794883790521155 -1.97019282812429 -0.133425705609933 -0.630360441679071 0.199507240696585 -0.390175150189184 -1.74349376326047 -0.253126734411001 0.478909466626525 -0.43564040735223
0.523339004088705 0.113692737591299 -1.43383150621787 0.0178418895166208 1.49516650035513 -0.584650200968102 0.454593321612375 0.431677372541826 -0.263199876649993 -0.46204221588797 0.0529318111666393 -0.665710236974598 -0.450259758619028 -0.420190498360047 0.212829162308996 -0.169053076509949 -1.19456153945298 -0.260676551632972 -0.736074967868998 -0.287487286364876
0.269924346514495 1.11628302025307 -0.513967808526863 1.06055278023075 0.559284338647239 -0.121697593662455 0.154318238119644 -0.131164068240421 -0.263457011636101 0.478060305579074 -0.0148761969119296 -0.0198529852302212 -0.374572351100667 -0.650530765370844 -0.404345338173408 -0.417987371096203 -0.691267479085464 -0.130533475518931 1.51886120432326 0.220958107339138
1.09291339598826 -0.113345266850408 -1.60166776011213 -1.04209164740449 1.54664552288513 -1.70759423034464 -0.846539395191139 -0.679366004360647 -1.03495906032652 -0.605229837043557 -0.152382027518888 -1.51353305436873 0.651334878591436 -0.885478121419343 0.11596525648431 0.389385861094624 -0.632442170703811 -0.232881216327237 0.382488858965407 -0.236117678869623
0.109380761354007 -0.555606316237384 -1.72010058150076 -0.0440877615756454 1.84952323765861 -1.35154748962788 0.479935258691941 -0.839571763060919 -1.01736438589119 -0.387510493497526 0.447803148853467 -1.19775606490496 0.650035979930487 -0.874793159056238 -0.871209469435574 0.0939422888141344 -0.869900103428466 0.0791169127502179 0.329611821109347 -0.453535204982161
1.47584229247811 -0.297627903167911 -1.49516384002603 -0.332009114366458 2.06697089665749 -1.0016086879167 -0.359043016172176 -1.00987477345966 -1.31041756739573 -0.277089899151109 -0.285225566610341 -0.234085922616869 -0.656580771823333 -1.37520266179731 0.725527373477557 0.413211712258799 -0.658635973552689 0.689873547859007 -0.148908047295268 -0.579348074225835
0.837100421926299 0.23016401184742 -0.395086232625897 0.209739038900793 0.27366143988816 -0.877324500858317 0.177249571908559 -0.428879047005235 0.478792897322118 -0.285894345952833 -0.403709212920612 -1.25946796668981 0.363284090580351 -0.532660545110618 -0.813093206041803 -0.140053588361413 0.0101668321661866 -0.142625266528016 -0.210839503717025 -0.107622888135615
1.78039403578012 0.523483261757425 -2.21809055368709 0.573164587248057 1.72115515916109 -1.85956258365982 0.171211183441763 -0.683976938782043 -0.530441732719049 -0.311747832856182 0.403594201898392 -1.71224044595757 -0.117077712116819 -1.30016291502248 0.135836507689152 -1.25108430064669 -1.89452285402557 -0.282449608879268 -0.0416686506910798 -0.160265635862807
0.0734913729348799 0.813526430132761 -0.767332763091858 0.881300115766668 0.504895272180204 0.189460730298757 0.711788051941715 -0.721776393941885 -0.950517658571574 0.157233050055227 0.574604225160819 0.00500561764363336 -0.731589811313092 -0.0206471262492723 -0.334364780320711 -0.398957652010957 -0.746906106540583 -0.186164687440399 0.226685062638417 0.608780202049739
1.5978547563873 0.348690508664268 -0.694893080629093 0.174637340245959 1.33052068641588 -1.63927663073766 -1.03636217430057 -0.67118779469926 -0.724077130232915 -0.750686835306386 0.711417608286734 -1.86090413016965 0.0275107835526896 -1.06254623608574 -0.0219490419480696 0.378812385126178 -0.873326652885063 -0.170063797324759 -0.142316998165182 -0.661650260499938
0.321819911448463 -0.398549511741506 -1.08484122623579 -0.289127431680988 0.732462884789497 -1.24006281281361 -1.50570536783811 0.128378295231102 -0.528903201680029 -0.958683296595902 -1.14732306099376 -0.937458614739022 -0.58238633327491 -1.12526760189997 -0.0715966783548264 -0.354689987973423 -1.45799803998973 0.11328590567318 0.63976570845047 -1.02554950861504
0.754019192382836 0.032797961200865 -1.22324098561754 0.24389203738281 1.50703378792382 -1.27106070737909 -0.450009705477648 -0.526713283577089 -0.851009108941084 -0.541915415968097 1.18722391288435 -1.18160457227695 0.305583699886397 -0.974463747366301 0.179774617312552 -0.302962560570478 -0.777149258042986 -0.404089080914549 0.284397289528887 -0.135442294236423
0.590718528877223 -0.252846152273658 -1.533992987721 -0.604415980658975 1.6907065781995 -1.1979294542046 -1.41420785802302 -1.18876515078677 -0.5087195276718 -0.479813036401241 0.404005835945755 -0.824730514048341 0.230584855337726 -0.0530898882056101 0.339955111370113 -0.0702661716740395 -0.71109313615727 -0.0636674453386366 -0.47751606684973 -0.630091807248719
0.791976039107305 -0.0636103158325895 -1.89268587724583 0.811858144748056 1.87449888876175 -2.57895798512378 -0.0856171889955815 -0.835749880272889 -0.935889191268052 -0.599952964387405 1.33276451200226 -1.27621542205824 -0.095384589824995 -1.39607446686709 0.498181133154506 0.125390036891826 -2.16894165933408 0.627962634386648 -0.287742271503774 -0.595090062231945
0.786150811258071 0.624167019657301 0.168966246343283 0.766665495916658 0.011817902867125 -0.155239522426762 1.26361030298543 0.0787504733062288 -0.586224900768862 -0.540885236702112 0.279700638869715 0.15916077967016 0.0851208784707062 -0.203191692359621 0.0320898918442807 -0.434279505178242 0.351378238322745 -0.387001813290067 0.206361800257865 -0.756683699681943
2.20179890026062 0.510695761367785 -2.18735654086978 0.324698111672089 2.26676916247747 -2.2816127293143 -0.494424887831541 -1.07170856193633 -1.55827444030176 -0.356695768249426 0.012395540773584 -1.83816834766775 0.13526425533843 -0.968706100253916 1.45413235045683 -0.823120722665881 -1.18661099128923 0.354679970899207 1.06552127435223 -1.61589575637022
1.17022014494801 0.34196941341863 -0.574785743165153 0.594287772231745 0.944370901170379 -0.378557534322004 0.0338407175929031 -0.530857984189873 -0.8372036280893 -0.160032583589883 -0.145514944823603 -0.990085842881703 -0.0226236876368184 -0.963417624950837 -0.311359424472219 -0.639336303944907 0.16935203796452 -0.541853648793247 0.0946732086907573 -0.081297386926574
-0.346716873744403 0.684003296546944 0.358914247338343 -0.312361780584476 0.0193151624782882 -0.266566578877109 -0.846903511706728 -0.0993923984581109 0.0113275450331136 0.711376885469903 0.462709250048473 -0.565959534585016 0.246773873006871 0.269271602656605 -0.812953524680628 1.23580643088036 0.26799185098301 -0.0384949569154685 0.448394764422083 1.00952529494365
0.490584718228348 0.672678386415193 -1.69910139207226 0.930635901565203 2.07324853882402 -1.23911153226257 0.347575459594026 -0.725994676714912 -0.411715732252455 -1.5537609022534 1.24632203294296 -1.27860136414969 -0.644517213288774 -0.913866016324733 0.938558595975233 -0.0505174318403036 -0.639157827219713 -0.315489361611859 0.0121033909746462 -0.525723782965497
-0.452028111552185 0.0318517741267819 0.80954716260968 -0.261611742051844 -0.941938451457526 1.74857559652795 -0.791693491173415 0.174945057525691 0.324744789643484 0.891485882595899 -0.728838222839752 0.900806120413999 0.174967266899487 -0.566923505077962 -1.20883675375127 0.570462999959403 0.794241763593142 0.0636854441250055 0.759764897033885 0.148972008576395
0.0903440532252011 1.22689618924495 0.0832966280775735 0.680217673360807 1.34027287757533 0.273939912305525 0.739826484715256 -1.0126932815001 -1.06870929418403 0.656628901699398 0.55464448764027 -0.238366686690816 -0.805986648864269 -1.10389887770906 0.575993839673821 0.190629807126967 -0.696525687657642 -0.046931191203963 0.378898280597085 0.0939581289099969
1.19501619510331 0.950856485531396 -1.97873552227934 0.512459228863649 2.11513590929566 -1.46904011937247 -0.653741405431113 -0.405190177829029 -1.03251753105857 0.0289216309232554 1.10495291938284 -1.86751304929436 -0.101231343207017 -1.42282213227024 0.200718709902167 -0.976938209226684 -0.624076489493583 -0.300629083309645 -0.633593730292364 -1.34895146428635
0.334331535739877 -0.427514194646757 -0.367247105744903 0.621839392904131 0.521690213899549 -0.886492215790173 1.52263707415279 -0.255088467997102 -0.495204470908382 -0.216505260976508 0.38958936209918 -0.164170418634428 0.565739493648064 -0.199325759945621 -0.22777743770337 -0.304824982909588 -0.88787024564006 0.0208738473389647 0.620514718474528 0.145389160173367
0.68234190857789 -0.243255124491885 0.018884149946123 0.408491850213516 0.310416040019163 0.0114050992254467 -0.0854733871926387 -0.757741615329896 -0.76831533234782 0.377049362687348 0.14392766655947 -0.0845866763141996 0.373162660582731 -0.116643282713539 -0.49753357368193 0.486443115336828 0.502620401203784 0.0859030216165551 0.829982776844486 -0.773603296865904
0.0718231452113865 0.460161175774095 -0.673241628589249 -0.0703445287059382 0.242373953812441 0.345998033680022 0.0527093562308124 0.250208568680219 -0.231091958258137 0.751962982607848 -0.0110762202037977 -0.220702096018465 -0.114485573927094 -1.04943283872763 -0.559752194165105 -0.548727959686941 0.270268963899963 -0.89703965733105 0.952055593846733 0.461073978850476
0.082530115779472 -0.203455446748032 0.359759002661751 0.612415506442607 -0.814203280941845 0.177739895210973 1.10847643279201 0.437778196046761 -0.447995853681037 -0.285218492350892 0.197993003135177 -0.474340225204677 -0.297876049435169 -0.36806950021726 -0.00292574787396144 -0.663490776128328 -0.826725939682916 0.0266754543702544 0.183891571989839 -0.223992034958067
-0.721480084007996 0.528718795438761 -0.381691865973543 0.751631172841886 0.543208682816538 -0.0984298457303228 -0.0743857835906713 -1.63572436314408 -0.358686546919504 -0.0868156971510236 0.192544066764501 -0.291364874940107 -0.00215614374293288 -1.21116248771471 -1.02008182658498 0.0274569015447935 -0.508703797773493 -1.04366275164194 0.829090235485087 -0.2660591678582
-0.177887512224536 0.145992953191033 -0.667470304732822 0.247741613846587 1.63144593579082 -0.162771702197791 0.257647686119088 -0.824498492075967 -1.57600103216928 -0.138302961787421 -0.262613405656019 -0.356224246818903 0.061158988331868 -0.873861941649992 0.301237439185328 0.426747230490178 -0.241913276417389 0.528625809266417 0.112826746947912 -0.300270170237957
0.54343123921363 0.345650276265534 -0.281425972392424 -0.282391727744508 0.679457451573231 -0.470466178528609 -0.468762631632116 -0.387854114007364 -1.36908539280849 -0.42810167212081 0.486610909644923 -0.876791124682253 0.122367583584263 -1.30166281447478 0.104113874794933 -0.223912829379914 -1.12788334364579 0.145373421246079 0.0833218013970984 0.142320090736724
0.367072133969478 -0.999615835719156 -1.1144858234587 -0.603575338188714 1.05498400946705 -1.50765221044495 -0.590123236039946 -0.345054372443274 -0.731294907232387 -1.2315107507588 -0.708416608402302 -1.54637144594665 -0.677843209905611 -1.04586770028891 -0.454226047241708 -1.23295609421386 -1.3811356194447 0.564753640700852 0.566488113354713 0.221725470339432
0.798391119903192 0.406390050788618 -1.51733053552879 0.557027791222768 1.82359826931768 -1.48640084545586 -0.753187973727665 -0.550845250534498 -0.36324641836935 -0.183381830434889 0.753114512453021 -1.33601335093058 -0.504537575678469 -0.863055721332327 1.38492375304075 -0.180732365453488 -1.29658300979083 -0.3430603527673 0.15679763219009 -0.649378199312932
-0.802661018102548 0.998301394673734 -0.521107633873013 0.605283360901698 0.658164765786678 0.406976954170241 -0.260826753195934 -0.297162519434857 0.039996115491537 -0.0823814747632389 -0.105299088026671 -0.182046966219493 -0.538507982782352 -0.530476446627301 -0.255083145315013 -0.73879616635499 -0.103281477285666 -0.555249507197727 -0.160327292485756 0.364923612813785
-0.0784217511293228 0.540738909221265 -1.47648438952989 1.73711438058571 1.25722532507473 -0.22267999898615 1.0159970711775 -1.21847555972347 -1.2224649806345 -0.456520412463857 0.872684277963488 -0.316926254167659 -0.465324529537009 -1.13750755082012 -0.185820658343121 0.255455212496813 -0.576886448510674 0.233171377699764 -0.0227979012350655 0.687507590722195
0.0443743177349588 -0.361758672727636 -1.02041061621022 0.318627514837057 0.881173134342042 -0.245429526748595 0.49370714499386 -0.829546586639101 -0.868229365520752 0.124477742423076 0.180971871430484 -1.29077360893281 -0.0297913552517529 -0.116844061619598 -0.580045028974174 -0.570303502157256 -0.209106021950323 -0.0322284741191467 0.362712570201761 0.21177082600368
-0.290100577853974 0.891628291159425 -1.17001990484685 0.189393205766477 1.069429809466 -0.25585418610066 -0.00726529185654556 0.425259272954671 -0.789106157641281 -0.190201179785114 0.179191765354695 -0.62912984287738 -0.0929619686708942 -0.770262550240636 -0.161298681905168 0.469090143680467 -0.714443311421745 0.570087391050702 0.980948584499908 1.71154749582514e-05
0.244349522111309 -0.412725000487203 -0.780839318988347 -0.405719134872328 0.139191166054576 -0.147901923289527 -0.556509333939595 -0.498412800274712 -0.239504119813852 0.127909327122294 -0.778459801688576 0.328123777249617 0.232037017469616 -0.00306182355830886 -0.188496600041309 0.364749690863633 -0.519503407726927 -0.116104059685504 0.8242073547498 0.250674488644923
1.2028132251476 0.330507557946252 -0.656359113423169 0.473080530357078 1.55593441695139 -1.15338406186894 -0.0526224427026595 -0.598248021047167 -0.243916844410076 0.227173205705991 -0.267064289691126 -1.05796097799708 0.168824962009101 -0.961170039595879 0.118002684441875 0.171246401163311 -1.8700108959197 0.466146267270071 1.00194521505062 -0.435491823511387
2.06079432085376 -0.0835512316035566 -2.44604640688162 0.311667360417037 1.44895902501162 -1.95704496864159 -0.27588353935866 -0.252200645191334 -0.792664729792932 -1.36402500024969 -0.0353482066316775 -1.38116402132711 0.313664714765488 -0.693114374346149 -0.348378461772745 -0.79218666456247 -1.4494202866485 0.825716090603512 0.759702403884355 -0.865329548660627
-0.111341271100234 0.561119532822937 -1.0753587910516 0.686894481429037 1.45731179917908 0.30938959849432 -0.449448238096251 -0.274260843272483 -0.446450389004817 -0.341994521795136 -0.189072428148306 -0.302724996598302 -0.223556215737599 -1.30571934583464 0.397637091265447 -0.50882145149994 -1.07001945024508 0.232109949236961 0.71450796356974 -0.0180162494285717
0.345669117655299 -0.213397349869545 -0.369597234433235 -0.123250754540353 0.426113671553641 -0.746510617507663 0.0340224147525255 -0.361487725507261 -0.503345831532311 -0.648410079656112 0.277582725248167 -0.270434608107357 0.379572574953218 0.390214438549448 0.23151025569283 0.506128693465798 -1.14476633530438 -0.0585131461354867 0.832799535418656 -0.852738527228362
0.132672747137121 -0.077327021134364 -1.02554729157008 0.801093155661175 1.17122167621203 -0.902878484934151 -0.0137151598609393 -0.099728052050415 -0.572247528083052 -0.336516765377705 -0.313222806511026 -1.43372575050903 0.533259194076889 -0.831071500911147 0.0373349361749708 0.107053797910892 -0.609364252842533 -0.0273881482476378 0.0170178482763957 -0.720750436516116
0.741185671764489 -0.22174680482534 -1.38140850478788 0.74599430425053 1.04241887287272 -0.671284264207737 0.513622640713535 -0.428989847972081 -0.73691559361603 -0.723813367660872 1.12908245956702 -1.38844748719903 -0.344352936201023 -0.973242992359496 -0.264461680108821 -0.778680929233887 -0.474119554503228 -0.335262774002068 0.795988536720524 0.212593783764591
1.03906580643044 -0.144337290068106 -1.48491943338826 -0.0347557505733886 1.68778043832772 -1.1934572263219 -0.568755016262802 -0.87989194311587 -0.857284437050113 -0.923707059292427 0.329517577364405 -1.02442963412694 -0.137656099818296 -0.526039275048756 0.497047821111614 -0.4380134263587 -0.702453567224099 0.110922725154777 -0.221193009354191 -0.218794133216262
0.789686207233851 -0.0605188365682169 -0.839758980411542 0.168485373233549 1.21224326276665 -0.471457705133124 0.246135545582995 -0.483919208191915 -0.400429283097838 -0.257468178652898 0.615717867291185 -0.808373871771156 -0.458852674866407 -1.43961388474794 0.338681378257817 0.763658117102963 -0.543806635224679 0.156048778449675 -0.00209885131335121 -0.0380530914846212
1.04345610729496 -0.0900132656001609 -0.528747723748016 0.0541016135711477 1.63897871808262 -0.420916086333651 -0.193007332595594 -1.65661539218198 -0.710975598981356 -0.649134485538177 0.259944478956979 -0.740757584640304 0.196800180419364 -1.20120970456233 -0.165508207375985 -0.590336386694742 -0.238027693567372 -0.880875238244464 0.494150133403319 -0.672367644098796
1.00672837289628 -0.108583056815284 -0.352287864748549 0.560028983089904 0.920807142675246 -0.561701496743676 0.606808675820353 -0.704049128886339 -1.0397844074505 -0.284545869603958 -0.53061495566561 -0.91472147206459 0.597676804545689 -0.0574834696255234 -0.617040641823189 0.0532384406943932 0.0267504275280756 -0.148892448778508 0.317507013282864 -1.15745076230768
0.529372865604026 0.440101804314689 -0.268527526134554 0.517334044856704 0.386904363701401 -0.543172158229886 0.798792351965405 -1.1299928500917 -1.96842833454755 0.19513383865253 -1.19936378805313 -0.602867852759767 0.252713629350114 -1.02525681091237 -0.401044444132384 0.281258908909054 -0.986466996027589 -0.418756173213866 0.691624763270807 -0.494623525259764
0.334341784674372 -0.163058243235574 -0.784336172659509 1.08098986340709 1.28762967688055 -0.84719665708513 0.688281964564094 -0.940387062986551 -1.69192211945808 0.797402406716514 0.610796369678942 -1.01899912984184 -0.294155714882648 -1.04249242738149 0.444754907267876 0.690337923549798 -0.746837206427207 -0.137673017656534 0.298612925653971 -1.08321808258415
0.106439968684008 0.0618166185367707 -0.727310821579495 0.131611562267587 0.30052244242821 -0.311350835544331 0.405631428796971 -0.590976959189661 -0.241332227636395 -0.506480473681344 -0.191901321862569 0.0146203131330508 0.17431180048055 -0.17681509975901 0.234151162855332 -0.370127171690106 -0.142683226035749 -0.341056282660641 0.800166464161878 0.216461252733397
1.77697029704073 -0.32291798416596 -1.16336591231703 -0.473098809844277 0.436736116399427 -1.73572899771136 -0.818885869487155 -0.892662261874487 -1.38054161984455 -0.644486320819632 0.573863559975561 -1.62490276916179 0.383672328497897 -1.41228331924396 1.19777576159846 0.429190381613392 -1.09504824365915 0.602216761561586 0.441323605814042 -0.804882737375834
1.61422058660559 -0.316518327837237 -0.744300690552739 -0.159636518148884 0.957431341275636 -1.54309551267346 0.554969508575802 -0.275874734599812 -1.44465481529903 -1.1258085462915 -0.463768600495261 -0.980064833599296 -0.369400754231652 -0.56094994775103 0.178179641297879 -0.909410337448165 -1.24425041839989 0.199484093025729 0.719807201162185 -0.940018551984198
1.07278208227134 -0.447296988172936 -0.979993663342382 -0.301025631036892 0.726004983249942 -1.04836553737707 -0.535269519674132 -0.101926059009643 -0.0114544845701229 0.0467232754421141 0.0918473021157783 -0.360770047606133 0.148829006475867 -0.751485730444229 -0.146227765073864 -0.512773794004574 -0.832057579792236 -0.245573175149232 0.650863664123777 -0.435847495752108
-0.246895562203137 0.61624499959019 -0.626276512754247 0.487603646707806 -0.154023515007242 0.156991235304698 -1.20004646427251 -0.662023670096639 -0.0649309083567318 -0.243197265119092 -0.835609335094806 -0.520429603568162 -0.181648728358911 -1.03224538065629 0.415703484442159 -0.103432794009009 -0.440531410143314 -0.152389648867141 0.784065447828967 -0.132870113232364
0.136149328899779 0.599636964272859 -0.342260835650248 0.783729067906017 -0.180196266246768 0.00378180557804481 0.369945055987883 0.169423535622413 -0.446418776966394 -0.198917277519875 0.0379925454089601 0.00592471439134244 -0.118936605845184 0.250177439421234 0.216849127282554 -0.119137981334745 -0.0938174358678032 -0.539045975052013 0.502861319642905 -0.371611991178431
0.917088118744118 -0.429349592047158 -1.62641104194456 -0.489758584311791 2.18961256865549 -1.39824494257902 -0.41274889738437 -0.607274389810127 -1.35667350542763 -0.391410306722351 -0.448592110580559 -1.36806755106268 0.253920646243631 -1.12351794624015 0.883115304113085 -0.0441018973521088 -1.25617477695542 -0.423781645554672 1.31793798061748 0.491718701668391
-0.000432736929152522 0.492389024949951 -0.982227779449651 0.148845196108104 0.725591830156338 -0.42474415316418 -0.0833841938524466 -0.420158027339842 -0.0720633233493451 0.0955617854647986 -0.554331842052703 -0.593595080664928 -0.276738013960551 -1.00774868115421 -0.185221434812365 0.285133026491898 -0.49627743110091 0.746350580907814 -0.445473419016835 0.111333377736801
0.456340373835243 0.787633316069619 -2.07901885791545 0.990715169137057 1.52126186669094 -0.964348954892236 0.425204712007716 -0.254084480920943 -1.39904814135955 0.264702725093188 0.576967714931136 -1.60584322408781 -0.022851402101887 -0.978179912013421 -0.326231572805656 0.335397542196359 -1.26095940616681 0.132975720572945 0.10550266773466 -0.585916963084222
0.30570741096676 0.382201187336601 -0.524949796792725 -0.174083367287565 1.93342034461532 -0.622142670376285 -0.944734466388936 0.433174363489391 -1.34864096792544 -0.298777041497909 -0.411603915742504 -0.753415715742706 -0.387730136413191 -0.980159096536867 0.723650352864307 -0.70004713466499 0.14430008866508 -0.181584705050757 -0.354586107417207 -0.796357325260115
1.49905755660949 0.54544962734177 -0.411366346536436 0.434103048168049 0.96675009777681 -1.92188910051146 0.172525162784273 -0.559126298644554 -0.494012176330327 -0.0871964984949643 -0.626590555837413 -0.170293368498025 1.03665054951378 -0.247614160258929 -0.228178182315615 -0.404001226497513 -0.450980907253707 -0.726242875185672 0.449821765021501 -0.375287076076589
0.0820982234272905 0.993831021528034 -0.428845973915601 1.11849667450119 0.336038571331996 0.926175813758609 0.641119041586129 -0.37386755376453 -0.362509381974105 -0.300622162350821 0.635169882919359 0.196926927979194 -0.573649712147906 0.199427864504664 0.559742905272075 -0.011231614088589 -0.123127085280755 0.431245418827147 -0.181112370482404 -0.430419370538401
-0.1037793271262 -0.389752402879635 -0.523823146500368 -0.0290060247658315 1.7398680676576 -0.116691334435479 -1.55574734963598 -0.839474924243353 -0.96063119706266 -0.535358486258248 0.413400419165034 -1.0788751737239 0.0286629590362942 -1.10664674427612 0.921847181882817 0.42512841408344 0.0140040566369025 0.0149336115785909 0.18549098153985 0.210079525574618
-0.368433232307916 0.506299694631879 -0.279776319950483 0.510812652997392 1.17970597471278 -0.354878758773169 -0.51435966262524 -0.0722719840291277 -0.686288094020668 0.464139724739976 0.660018971286407 -0.197545237098845 -0.53772358274842 -0.509424311131397 0.883924320400082 0.253873001530868 0.379099067537031 -0.449344887896799 0.178757909511058 -0.224939546449108
-0.0615268678118089 -0.0116286644407511 -1.09624003694575 0.52679604514588 1.30599709830162 -0.520902187982107 0.529589775459671 -0.522253332725202 -0.503813837755476 -0.433737606772934 0.159568224505187 -1.67011027648929 -0.402980883767396 -0.79329349643594 -0.590923942592946 -0.440727138841747 0.180436936878589 -0.208219333920907 0.605265095116561 -0.0718498393149113
0.224979191785978 0.939331885790241 -0.522822106069696 0.766659286648964 1.27571821542871 0.134162057413626 -0.289985103631716 -1.40868971463564 -1.27408189084223 0.160848990858552 -0.256548343214231 -0.38223815083464 -0.744439509977983 0.149057680259137 0.269628424404733 0.297800836756169 0.513225536374364 -0.684457163454058 0.325527872990562 0.0174840291999968
1.91082425059853 0.458077275360896 -1.55688695942518 0.111515950181356 2.06460909801944 -2.03120398882616 -0.295320022868455 -1.06694192282749 -1.31124469385 -0.95708998632995 0.614525629244062 -1.74744006676986 -0.177104987566329 -1.94242002981033 1.14970497702812 -1.23351562508666 -1.84354411751621 -0.597155350664002 0.244200271617643 -0.810574407938774
0.792812275379149 -0.402302344309563 -1.62101957438466 0.0411963367403336 0.13136607567324 -0.399923920817095 -0.346862460752412 -0.327289147759984 -1.10191440268517 0.000774985252670612 0.345291658271365 -0.0814595092294995 0.849395052400916 0.358704806153975 -0.65328316863181 -0.0637462740276835 -1.38965108414829 -0.664317023440472 0.0585938394240901 -0.132245049116327
1.61338833723437 -0.191402030884197 -1.51439107790134 -0.363479119334708 0.438318685311193 -1.94776661879561 -1.39690379843055 -0.658403685508681 -0.434149098947172 -1.21221948220988 -0.675915990836766 -1.28906543592383 0.351018189432897 -0.166725749087587 0.0545876898306966 0.0522982265645727 -1.37510433949867 -0.754650155024973 0.499401763420092 -0.00480238651431497
0.194338654957513 0.0275763347814269 -1.06708098042151 0.488247856330559 1.29098695942607 -0.868414438385341 0.333029366052265 -0.868120508861975 -1.08579749977038 -0.0258780660082011 0.3516261980147 -1.40924547665847 -0.134231440523937 -0.694482461023779 1.05926536139814 -0.297338190833097 0.358263697568815 0.396646053468854 -0.373585104984229 -0.186798634707943
1.49089715544321 -0.350930862469389 -1.14349791582538 -0.0584169615062397 2.14071118478955 -1.25733467059587 0.59101600418185 -1.05369190118774 -1.21406623753444 -0.73296906915622 0.556588548887532 -1.42251011181124 0.504782109787644 -0.931268506959602 0.848757326114183 -1.22761622340283 -1.16706697446634 -0.53218329110794 0.576298213446361 -0.359883518032155
-0.277348838520668 -0.19054252417322 -0.26216445485277 0.241016507239078 0.643896464387684 0.565612318082677 0.356716612675034 -0.28120813829288 -0.619946654671307 -0.185174337964193 -0.668437386559116 -0.215157078227434 0.426195241870633 -0.0907140762219982 -0.580257913449449 0.00281500148561345 0.700331501196375 0.236821410431573 0.674930328298985 -0.222376989089518
-0.200122814091585 0.504061961187487 -0.357163833729384 0.175653412288612 0.927721709709399 -0.043967219583071 -0.825751175147714 -1.17254364154088 -0.767088537073371 0.497488156912884 -0.982768594301543 0.314131090875654 0.303960741128274 -0.230733001070413 -0.68859636944744 -0.1134715514738 0.356930617468864 -0.963013646195573 0.677846219258411 0.0786758707785906
0.317000985317323 0.539588249787168 -1.18652903538439 -0.401164860926124 2.09043242733369 -1.1515668952807 -0.655895474767072 -0.00430687679612707 -1.19551452079959 0.0444332313559762 0.263948902609125 -1.73267019083829 0.0822853050212524 -1.24843765974502 -0.375733679296811 0.00696950047993487 -1.29328984904195 0.61432234440334 0.723441328361672 -0.141874010811147
-0.652922715070252 0.286685175153896 0.102883072238903 0.0183134422170762 0.714078740967802 0.7199932548388 0.384054390173506 -0.99985653774739 -0.458554536101558 0.665772842929218 0.0503452682266436 0.0119438521423003 -0.0506514697959431 -0.659446593212457 -0.138935356741148 -0.443594194978225 0.693730389656164 -0.617249783387784 1.05275279548326 -0.176971595708828
0.94608544970367 0.0711075546721865 -1.88074209193143 0.149410847564204 2.49987690235825 -1.50801366473178 -0.647999531067199 -0.53521882132588 -1.65584068830483 -1.1062722390382 0.080653987223903 -1.19662117292852 -0.00476199925161297 -0.705664120980465 0.77797706041933 -0.0446717009514334 -1.54196366970628 -0.234887315173662 0.491467124809345 -0.0847155358573703
0.571504688653987 0.734788282632103 -1.19092242936785 0.169876423337102 1.18661653601224 -1.21475893365017 0.400324959231974 -1.03301546821928 -0.619139427026881 -0.663811913475961 0.745052787267981 -1.56207032135209 -0.862161982360247 -0.591881257112695 -0.0350186250267204 0.0534852615588381 -0.302413928415013 -0.239974163797603 0.655214377494994 -0.494676854196357
0.752282114654139 0.00918922600981087 -1.24452434939785 0.697439736029953 0.890134783399132 -0.475359040586911 0.76135919628139 -0.349497999545686 -0.160985687941277 -0.848700812220924 0.0528842057514427 -1.30648699665055 -0.834833958651563 -0.297461501836957 0.199100126815434 -0.180873987372979 -1.97243950008234 0.0761912478036236 1.11031195072154 -0.453930820004109
1.53430962269148 -0.0494325920318331 -1.54320968927264 0.0435538692457626 2.5339144477492 -1.75516855010287 0.195317579320514 -0.727600465362832 -1.69991622551736 -1.28915025355856 0.206737344428641 -1.44899552378065 -0.323602746253354 -1.52380737986087 0.395430584343191 -0.244072809553742 -0.773404003484063 -0.212486601641453 0.772017036094587 -0.778137093682511
0.492699789382066 -0.869307642894036 -0.56160083853174 -0.398287045820872 0.456706902836173 -0.123383214155394 0.365446859073184 -0.45321006538399 -0.475761514894826 -0.234794568211358 -0.335006743955806 0.0559995613155863 0.241414277932997 0.005257359885806 -0.357060633558461 0.102625585648663 -0.397071604771978 0.150429440786634 0.135736469439478 0.581022096060097
0.0521524391947819 0.458785664308494 0.0506181329621865 -0.524027570534893 0.237453542474753 0.549199865209929 -1.04274896505562 0.17481002931898 0.265221377360138 -0.57166625456706 -0.96921538022538 -0.0615376174923959 0.572963935726124 -1.02324443146542 -0.194212493642675 0.090447923207632 -0.0699661763836908 -0.464829169857807 0.0575272919881934 -0.383795754044925
1.15773828606429 0.40480941984411 -1.23163461848461 0.865192002562825 2.56208226857249 -1.76076468108398 -0.465308836372702 -0.835747105500144 -1.28189619422762 -1.91958902741583 1.11861412533636 -0.65206946481611 -1.14372311457435 0.205311329479544 1.10927375660543 -0.375391682231258 -1.30726753658043 0.57437539925734 -0.203664602045002 -0.253885227715783
