3.07846759972549 1.02574510687059 -2.850376240336 1.28702443761681 2.92090183015453 -2.96617019776868 -0.448665819942856 -0.970491534693804 -1.27349161107513 -0.445196156169581 -0.181665102968738 -1.57534249716917 -0.618841902930916 -1.55554121690201 0.865020801364108 -1.2143488904724 -1.67675659995519 -0.43215901240232 0.631164662834784 -0.746929682794515
1.09308163913592 1.75249832253008 -1.6601495494838 1.62635170792882 2.36231006373188 -1.37310813575147 -0.0680614978216133 -1.49446552515668 -2.41305705244735 0.0562888904973324 0.397583651146401 -1.24243012272299 0.251118636172591 -0.315763156976947 1.27817885126433 0.0746539098805886 -1.42529797325766 -0.123436608981287 1.24950882188629 -0.908059553886278
1.59691217464293 -0.705747927757811 -1.42214356594492 -1.18547480677258 1.82181847191963 -2.08990036555699 -0.994615904751122 -1.12949158083732 -1.57035287446445 -0.0309988399319692 -0.12915620692749 -2.50659766855761 0.221705172475347 -0.49397592053536 -0.602627018633479 -0.0237068691004514 -2.26380400594004 -0.474581202045209 0.950876097005945 -1.02990464657658
0.610830534122825 0.123476358606319 -1.09071360807311 1.31387359958055 -0.152738781387641 0.136966565813627 0.599432586442701 0.13771717994648 0.202839720192845 0.328021916006126 0.680265877996157 -0.0388547190985417 -1.44491457229558 -1.11332052493746 0.0121789838155257 0.972036899717216 -0.795560036948137 0.0186984778531509 0.551503697331028 -0.251944892036579
1.86060902969534 -0.0816772686511121 -1.7869233817921 -0.558375660754538 0.325647018070234 -1.9887410029592 -0.685090824121102 -0.00658720004198943 -0.57346697664738 -0.683014302053342 -0.331314853193568 -1.07543625298114 -0.103017716587043 -0.892127890049044 -0.453395783670393 0.146642358147408 -2.63623415376939 -0.414845430399484 0.286228351147128 -2.04599784326057
-1.47712323941609 -0.00157473314936274 0.262447767814108 0.361292636395822 1.2464505844905 0.660867370874361 0.61958202823926 -1.08552969375644 -0.579076767275751 -0.816975636082059 1.24551502973132 -0.468101641960411 0.101902603596667 -1.18527211874789 -0.0824779341811368 -1.17295890677016 -0.821863915877458 -1.04836633889148 1.0877204353342 -0.536157934079078
1.50611201959129 -0.718148866433764 -2.51620197647363 0.424915156041975 2.20095240583164 -1.80929085162822 0.47032579942485 -1.23591934991184 -1.09595930574903 -1.36066652402136 0.119423533006859 -3.07950999919968 -1.14151018263805 -0.779840497614517 0.71994837278756 -1.45262117638153 -1.26875942931523 -0.978234813866264 0.57420725516453 -1.22509181819024
2.477489188702 0.182061493461198 -3.032353473065 -0.101858260448449 2.16032143228108 -2.04539337818169 -1.15258170692937 -0.21132751136896 -1.22207698353872 -0.848289500987488 -0.349667831110339 -2.86718488795122 -0.634473642055713 -1.27009847177869 -0.350072562934831 -1.05069485158956 -1.57633377219842 -0.514397182780714 0.9124753345227 -0.0798245222451411
1.85718926498367 -1.19608474712255 -0.66204866294373 -1.62807654834461 1.40560043582377 -2.13769925459005 -1.25404914173014 0.442232359463932 -1.46248018437217 -1.76108031473428 0.230234056176488 -1.09414996088489 0.891479982164514 -1.2538528545912 -0.0338779908545512 -0.141726958357474 -1.38667592336235 -0.174345169064745 0.141564078723552 -0.978522811428874
2.08944470268981 0.568018362337194 -2.98065020977824 -0.231298414634404 3.26208855140004 -2.05735905995035 -1.02447593958169 -1.04045377766254 -2.75462517218641 -0.712792397634697 0.639420205479784 -1.35502046659457 0.292111007205205 -2.18349774723729 1.01896875495602 -1.33854218451828 -2.08187816352321 -0.806961533907572 0.394370059437114 -0.593477210352216
1.36512887853624 0.425453407757465 -2.85718114157374 0.490573276168206 2.69691785597916 -1.90238249429156 0.00462241345240921 -1.53647966815151 -1.20936529698853 0.404293729266832 -0.00748583970716221 -0.837229312652042 -0.362010826508604 -1.03317576669689 0.441395805930607 -0.88410282798917 -1.31548886139323 -0.464564508356385 1.14466850707679 -1.20575144331022
0.581632173546295 -0.115213244446668 -3.29302011694652 0.366926753076844 5.24799785932516 -2.66420371117555 -0.794669609469729 -2.20613912516724 -3.63474446549742 -1.17082827398876 0.600163896702366 -2.5615497614413 -0.234625732320706 -2.19520956887714 1.84900209993285 0.681075109038846 -2.70011894799238 0.315195221473661 0.245984949142844 -0.249655794236626
1.07277814621443 0.683041343978442 -1.23619920321486 0.883022775473197 1.65970596442071 -0.979698282991999 -0.894699471263892 -0.866832486738542 -0.8209421007336 -0.0729222478601789 -0.405434721678431 -0.732617081995543 -0.909979737500742 -1.21607103400816 0.520301064433759 0.524667988427568 -1.53757097612003 -0.277860223299901 1.9709096168951 -0.125335949593901
0.973702841813599 0.705494150543857 -0.436411694122632 -0.0853807028522733 1.41327113375572 -0.0874734180189796 -0.79536753761652 -0.547249303099516 -1.32446159182841 0.46846979126427 -1.82402247495063 -0.25308456802954 0.397373703051211 -1.0846824097671 0.206922701030283 0.25415286089665 0.0372717250449306 0.0985848689474886 0.52572944646681 -0.781112018293268
1.36300422499097 0.451126752320227 -1.15755033554414 -1.3691717044913 1.83724688884865 -1.3564492479386 -1.72557703156083 -0.577026453162612 -2.12768481098334 -1.0201099422556 -1.47469689833063 -0.437405831259657 0.989938264447171 -1.00799933775266 -0.0293539015237609 -0.785501403589756 -0.595604904796678 0.118625948654079 1.5118635617263 0.070692758519415
2.16099175353947 0.72712080917139 -3.03925993390551 1.23636264251503 1.84794543660915 -2.04343186915023 -0.15414054536626 -1.65010466212856 -0.911427176623127 -1.80338399675541 0.730520354483381 -1.81690503944854 -0.484825448207858 -0.862481805109346 0.178949359199668 -1.42556389937792 -1.34238805702364 1.33202938943089 0.164715541554832 -0.526365535120125
-0.497237852787961 0.691632485925386 -1.42228411725329 0.865780542989675 2.07753411109411 -0.221182332031541 -0.662557145951025 -0.680340357641009 -2.24688799734386 -0.69659324955204 0.877526024009983 -0.149460694135683 -0.988382406054686 -1.58219227324826 0.691771560074324 -1.28272580522585 -0.37911299422189 -1.56438647025287 0.231871211446387 -0.097177340696766
3.87408745737925 1.16708889132886 -5.47971466675448 1.98142496471654 5.6464581296457 -3.997666089949 1.15011042317986 -1.88476930920835 -2.80453783165979 -2.29523031676411 1.24243265998973 -4.26305411788251 -0.414912819798637 -2.89076534852054 1.06153534987157 -0.204527123923402 -3.58852106153702 0.605706081331893 0.697375566245973 -0.613127136443327
1.36470308830454 1.49781765335341 -2.4303549031107 2.24074834370114 2.0327257673223 -1.93161319566834 0.533988755373339 -1.65586782425011 -1.55856410275987 -1.22617979166969 1.7686028763376 -1.62009441914072 -1.05065454659241 -0.81932539089394 -1.01077397148537 -1.6731471973493 -1.80947906068245 -0.245260193963421 0.828903393852845 0.0715851521470378
0.166970981092895 -0.913739150839834 0.179298684985482 -1.40754028099584 1.06164938887789 0.0643027302722752 -1.98991749223927 -1.05885987547453 -0.69694530124906 0.711998525888775 -0.343065021764226 -0.45303947324409 0.225781738395083 -2.12172064677295 -0.305307818798778 0.442734816820084 0.233993841615785 -0.562082531318723 1.86454621367212 0.115808420608551
4.59949655457028 -0.0705465580519958 -4.95825548153831 0.630506648193271 4.84641160909903 -5.98882913064868 0.0581817645821671 -1.86329847167199 -3.2203978843412 -3.42515909170684 1.27789454070647 -4.8300142873506 -0.346372316418679 -2.6764552326457 2.14566906154592 -0.35515143196969 -3.83396787949172 0.200050852825372 1.02446425527394 -1.29870481427
1.51209601938842 0.872323141769171 -2.87771221264268 1.23253240560407 2.85391652242787 -1.60971585087783 0.973780006800889 -0.238030835323324 -1.36066324523926 -1.21386489302801 0.777589480869518 -1.60104783466696 -0.889513329924921 -1.01093189598289 0.924445674678514 -1.93624964111623 -2.17666871849368 -0.200344456663066 0.393364180297097 -0.31892193474949
0.0616661022349642 1.61590083098717 -0.808764019940804 2.61164689772429 0.989403441943785 -0.196080458692927 0.328518646828456 -0.875187522722338 -0.69028857403017 0.968520626301602 0.293752516846697 -0.661263061532357 -0.770858085530447 -1.33994364656551 0.0411982600198257 -1.39494775951006 -1.58910025880285 -1.03446191686415 1.76062070012813 -0.0845645392878011
2.59064851304106 -0.82520262827683 -3.38011261212623 -1.72428431910803 3.48738292508687 -2.91964228442902 -1.62720898148018 -1.03407532245521 -1.52840383161312 -1.07768920578352 0.050343060837958 -2.72837248618444 0.480047091717897 -2.19663842171886 0.0253801840303535 0.97727655014866 -1.91287399483966 -0.79662142416724 0.671559402082432 -1.29705340213171
2.0373100812147 -0.954350604647836 -4.29051015679703 0.551080322330709 3.4704198506113 -2.71906059198458 0.531451154650362 -2.22115804408783 -2.44489934230653 -0.63335252610587 0.893876503726942 -2.81275570404318 0.00534329148367807 -2.06627919840959 0.102708225887504 0.425496853536393 -1.36965326904427 0.698872178827313 -0.103231882725528 -1.19283691400352
3.27613782458212 -0.0344928843278264 -2.32163434779506 0.0889948529715391 3.23659487788246 -1.70292742113681 -1.03690230616502 -1.67160707350192 -2.39269162164397 -0.938024824193313 -0.478025536482318 -0.846624603717116 0.0117311341571744 -2.00045507722736 1.11253519961832 0.535862613187731 -1.30595621587978 -0.024070126801977 0.427839449596977 -1.20423179012048
1.94887310601284 0.759452711493544 -1.59713510958095 0.320534279939494 1.00992599599616 -1.37112029937672 0.217853657910881 -0.345985613273735 -0.695726436106081 -1.05775714791443 0.708618516402418 -2.39614878542515 -0.356498982181711 -0.897965865539701 -1.23003892911284 -0.951203588805153 -0.427902984051575 -0.232715256650748 0.131921645690558 -0.900345681781279
4.06313974994472 0.973535621502116 -4.9956410612649 0.862825207033372 3.94188881860939 -4.10490124266508 0.133607545705136 -0.856105381377147 -1.68165141453213 -2.02749826111439 0.833193224593091 -3.70187255694554 -1.26110496421588 -2.08097426450142 -0.277761771140383 -1.69364925775778 -3.412779036343 0.404962860024486 0.122232031812266 -0.226900345494885
-0.558817379117499 1.10071410916899 -0.744287293017459 0.818702694097555 1.14560831924715 0.719516898673045 1.49596750790443 -0.84547740622547 -1.24097413669795 -0.0565409492908491 0.974952036781342 0.424029791046014 -1.3169627122248 -0.77945427135735 -0.226363551684466 -1.42499054184963 -0.686972638768624 -0.217024733397341 0.736547952360487 0.597253513745891
3.35254449599264 0.93735837945331 -1.82820016445591 0.232407688675892 1.99992919170185 -2.61312300329186 -1.81278119954725 -1.49670844360943 -1.90230210139098 -1.24701105504082 0.809612558980553 -2.26299684567816 0.26697770409238 -2.89830368569738 0.476929580698924 0.20815098568723 -2.17877458546969 -0.421236729169407 1.1970096904079 -1.24993857120836
0.89092779515852 -0.928915543977347 -1.3555683232796 -1.46807414676501 1.58984017886776 -1.6530592338174 -2.05811823047606 -0.00334082295236277 -1.42428172596781 -0.989891953304043 -0.999672213387481 -1.6438364991071 0.701850548995931 -2.81452796829495 0.562680657866424 -0.641644495922312 -1.74265072795018 0.317533351789056 1.05511474716366 -1.22614636372341
2.61827044624579 0.00115648757474879 -3.66688555447299 1.1027520450928 3.65046098902124 -2.14569501542444 0.566856111483778 -1.53206787996492 -1.57925667652997 -0.937554119927458 1.21054662827642 -1.67206122541183 -0.287779136906439 -1.69325715048229 0.427389950912053 -0.733010671785704 -2.14151272140606 -0.547157253991196 -0.218629958379184 -0.829339686172794
3.08288274508792 -0.818347354953073 -3.55720860208199 -1.24958779867577 3.43502621004122 -2.20411168319479 -1.80265149050751 -1.09368737354947 -1.56199403119054 -0.71049160192451 -0.52741080279621 -2.1364586775834 1.16777778955448 -0.880694259738425 0.488552738836087 -0.356577521649926 -0.711150064626427 -0.508010021637088 0.590537741116109 -0.805765182188069
2.82867599938627 0.408805824762805 -4.12708629263438 0.155274176844427 4.64888051066876 -4.96339387758857 0.450843414482586 -1.6321582769928 -1.84875394599711 -2.31107108975318 2.34992147027898 -3.42099408962609 -0.396587235413918 -2.83394568640833 1.2474204511152 0.188405050527917 -3.29646860972005 -0.393914741505796 0.49904080096719 -1.04570036528923
1.9872607835558 0.797426673340947 0.453258960042893 1.26034413636511 -0.156119360990051 -0.872019936875439 1.87548932349316 -0.298744470764087 -0.126299713852859 -1.01137968709744 -0.0688089298145032 -0.558415478065542 -0.541333308940518 0.234499262666157 -0.358517024133776 -0.512082858919426 -0.384185840705842 -0.649277018467476 0.518730667722453 -0.763695562972217
4.10133690639708 0.532521126060258 -4.5737244585395 1.01272198581523 4.30778152829651 -4.83147989610186 -0.967177378172181 -1.8952807832605 -2.76376769856377 -1.83737719382728 0.682047250880005 -3.50006383776689 -0.358753180097743 -2.76502637267296 2.53660440397522 -0.150900865943797 -2.6633872145042 0.402919842283552 0.66343235591264 -2.31307927757252
1.56225270571947 1.24593124720376 -1.46036010232755 1.32192367254389 2.25259481498974 -1.05559979930092 0.686551460701365 -2.03261253155635 -1.20778207617949 -1.34571316388492 0.0663829674457184 -1.26934993014905 -0.0722394522327621 -1.35740112198661 0.0610037386863757 -0.527015132647459 -0.683446752665195 -0.164196439043911 0.611141806901751 -0.933809467371339
-1.33278438854166 0.98107506722455 -0.0195177682535809 -0.338289782040984 0.294890673033727 1.00721811542278 -0.909716139736539 -0.878806772975709 -0.651150390976379 0.946206775492842 0.896352093866534 -1.23973912609613 -0.0711057829433287 -0.435729036301355 -0.69959423262641 0.873037511524495 0.157403172819984 -0.453364324369849 1.08162376065255 1.23448292415349
2.35023174786 0.830984559870658 -4.04305216555777 2.05840620322654 3.83282466229864 -2.83149013470385 0.92740872961467 -1.66579086333321 -1.0930894695746 -1.80102902491836 2.20196998841783 -2.17281855096119 -1.36841110517834 -1.61702612978639 1.5366052685757 -0.77518749824491 -1.94176144981215 -0.50539232467159 -0.0235175983278343 -0.739692970595144
-2.00021445021578 0.257209161948061 1.40246533213782 -0.637620013682866 -1.27173530400813 2.57114815451136 -1.68933103919407 -0.782850419495548 0.65278872508773 0.797531849328113 -0.811919612159314 2.10724310014531 0.831304489737863 -0.13944179166418 -1.51518646278545 1.00255957426986 1.8102591468931 -0.412912929372632 1.74874531000881 0.165485728887211
-0.519484072048983 2.42167100847695 -0.373173230190823 2.2022284372823 2.86070605931631 -0.211215470002001 0.59137616739426 -2.25641298011392 -2.00832779897735 0.0700971854935682 0.387306967984994 -0.87485571695234 -0.911233637496142 -2.125701886565 0.697159662852554 0.210519333012397 -0.337892759400004 -0.29108002656995 0.752550500232207 -0.0669928598782971
3.14815233300912 1.25249857447826 -4.68648945911574 1.59887323309929 3.75972395857579 -3.77038631824438 -0.315393827394082 -0.458731534450226 -2.26240812177072 -1.15116735983946 1.92846541450645 -3.55891511564948 -0.769827392473075 -2.72979558544355 1.52671863742726 -1.19439402055698 -2.03784333990166 -1.18449457552789 -0.00442237084756103 -1.4704950208227
2.13637205587307 -0.219219602218091 -0.755289899119672 1.07413704164989 1.16132944848958 -1.24440987176912 0.719445083738833 -0.502471356628603 -1.74434987342463 -0.904006026002357 -0.0661236450195432 -1.09119666741755 0.275243558603687 -0.805799180299587 0.125363806365313 0.551127279453875 0.181621684198584 -0.688147584766229 1.07670028920107 -0.716957802284284
-0.473998695850144 -0.114930427505043 0.779503722271048 0.376901189420747 0.225549590518468 1.01448613133286 0.66997714814998 -0.742789480570732 -0.533245491698478 0.473128375654098 -0.624469570710292 0.66549519274638 -0.0934449599055308 -0.330296544658083 -0.571656931721425 0.81161066886587 -0.454519087563892 -0.647609367084251 0.845573387439433 -0.993625608765301
0.348062133040119 0.762874085879328 -0.198220214538348 0.416120273885091 0.530943742462055 0.2668185365942 -0.5294681001515 0.89048998159443 0.124074390529751 -0.0844402247274061 3.77084217277456e-05 -0.434549002453286 -0.195231788636421 -1.27352409141047 -0.983289458349366 -0.685606172143575 -0.049992287529462 -0.916629112884736 0.965048543676826 0.43387216276663
0.0813877641285604 0.43356976836805 0.644719868591719 0.442850314369778 -0.367599314218342 0.492494963106284 1.23986026606962 0.703502311094846 -0.652478528862452 -0.0670453122232701 0.0462664045855364 -0.0552941731815018 0.0010718396668728 -0.911541836754174 -0.421392743784089 -1.42217625089939 -1.38342477132078 0.26249913504277 0.622187271029794 -0.8423932102682
1.32893986442095 1.1270989968112 -1.48295143343724 1.05459167923888 1.39996525576658 -1.20743081052101 0.00699346684986121 -1.53903223229745 -1.47855886282355 -0.543005177201237 0.402147886896563 -1.12703967097532 -0.142151552102033 -1.51301406098759 -0.464436312520838 -0.209604020133532 -1.23577810410669 -0.284887404077509 0.797341525676312 -0.347726347291289
-1.6035173253743 1.05474267928795 -0.98444613915495 0.264901476227969 1.83333304347222 0.347377508966798 0.237653926257982 -1.65043494156406 -2.10646613718875 0.740426925886735 0.915002265122624 -0.415274736270499 -0.332067174401212 -2.5111196809084 0.251716856541165 1.0261128934197 -0.50361412106577 0.38300269667086 0.480354696412329 -0.138249012303581
0.663091693768969 0.435684790954941 -1.49478930124412 -0.370457516910494 2.01298711937118 -1.9762331853574 -0.657151288548335 -0.680884790342049 -1.83969884777009 -1.05516138660283 0.711267936849635 -1.01475035094411 -0.17348713399948 -1.19595323593199 0.424356331904111 0.339716783313543 -1.95523938879746 -0.13309980539633 0.571056596208166 0.566259654168959
1.35420513035708 -1.32684187901856 -2.44214881710988 -1.10027328782699 3.02864507409848 -2.22459036574239 -1.47542603324228 -0.740945254200875 -0.858325086558297 -1.84417883476113 0.141924183107687 -2.50404018785528 0.237596928511546 -2.22733135682596 -0.55006881615866 -1.71052327346843 -2.3225857249791 0.555921925055205 0.278255025880809 0.684982105535626
2.39703856489139 0.740753463380457 -3.24271226668607 0.247501503239233 4.57727852674211 -3.21487168685838 -0.908277842657834 -1.87779460000023 -1.47922070539653 -1.18358534629737 0.457424570099338 -1.98741625498531 -1.05710211321338 -2.08434399626584 1.96054627593574 -1.32051626421896 -1.47146016900934 0.323751037857378 1.2212843649412 -1.6717223741064
-2.69340465603302 1.73352552086511 0.574929631721977 1.65175267131132 0.600641334859952 0.931413769345419 0.343606639870796 -0.609632819416197 -0.00406847353374871 0.911410948934583 0.734697984315901 -0.0916533941017831 -1.4981820745068 -0.681335917446717 -0.439017665255152 -0.766961862390319 -0.345160191441468 -0.557139201121847 0.684221844091353 0.908706391558892
0.451477625909296 1.65708119725125 -2.60184509974365 2.4945858566621 3.27554067617512 -1.9337682874464 2.14865267813432 -1.94269843875171 -2.59096958122352 -0.778473277773704 1.03440663626065 -0.760140644311299 -1.44685424731448 -2.41227144216353 -0.379940699162998 0.00771347130468314 -1.90455639232032 -0.149720526723838 0.258725242533489 1.23845318257165
-0.287597890596092 0.491763860027739 -1.41049277912782 1.02288835746342 1.1210149914743 -1.0802068628081 0.079888948771118 -1.2611931603625 -1.28515004283385 0.305297102129587 0.725685065921115 -2.077148717117 -0.368238053689128 -1.4391496428215 -0.377166273541618 -0.100389943412976 -1.62422607804207 -0.125350944262163 0.735235665954732 -0.246231387172866
-0.611497145289804 1.23801118059069 -2.51378217091427 0.65082656645565 1.97543587010701 -0.21241744629158 -0.206122457961352 0.167039777209501 -1.00062298523429 0.117851718453399 -0.70828330140483 -0.783636105889563 -0.309530950184408 -2.31009614273938 -0.0262525406157764 1.44413494491203 -1.80867991220475 -0.267029280137942 0.420627072658355 0.38735932112719
1.7059142868811 -0.928833122398506 -1.35450574164096 -0.355373376639204 0.79921898536896 -0.0323047316267973 -1.41338291032768 -0.441495953364149 0.2057553623018 0.106044513164655 -0.461361107281767 -0.519183097775963 0.611489563255998 -0.213786999390027 -0.638872269850009 -0.0407140798525575 -0.6405315613917 -0.569010129739078 1.55725053127677 -0.212990259611858
2.07307723372149 0.65962130737945 -2.36333523473445 -0.206955034614828 2.80494336364603 -1.62146691193344 -0.591482036245802 -1.59121731180463 -1.531285856188 -0.408144808961232 0.454081020925657 -2.14353770977476 0.0472209383400592 -1.4222251720418 0.844230237143071 0.548803910390612 -2.50526230645076 -0.251458125008431 1.15803796480102 0.676286158239978
3.19461670729444 0.0264021599221565 -4.15064934935555 0.664713289039505 3.40427701592435 -2.84239795086787 -0.203966500506959 -0.705484610771076 -2.70146867997141 -1.6666339103049 -0.502130469744697 -3.18082730560394 0.936006997954833 -1.85353085363209 0.24846793287827 -0.578720260089454 -2.46460410635038 0.588671992480555 1.66636388632037 -2.57754453020538
0.966339227487016 0.878599967731321 -2.13681906267451 1.14741341016685 2.5910432717711 -0.471251988191135 -0.277538314218057 -0.431786533714206 -1.47088592892421 -0.0203603691989571 0.0647026528642763 -0.879830607115492 -0.74932232570794 -1.45859408792456 0.639123754636383 -0.809607448137616 -0.954087318683353 -0.436466428687503 0.700266764261913 -0.239687027001249
-0.0298793850293319 0.453357108349193 0.0342482859881642 -0.684529661164198 0.657692996442209 -0.457468407260632 0.803625676314058 0.217527369390882 -0.115826453846426 -1.12470825112812 -0.798207628824415 0.0214017079638164 0.0496030773179735 -0.143909373881479 -0.364442609296991 0.475753003239575 -1.66778207347628 -0.420092002582536 0.257400043702099 -0.363363242225799
0.910543492180605 0.00304577151759014 -1.63007156068897 0.854585981970916 1.42224877323966 -0.827058350527617 0.365988303692561 -0.604099134345118 -0.97912857185896 -0.0622223511612802 -0.548277210840964 -2.01899680016791 0.325857829597014 -1.31956927460657 0.385422873211046 0.245197317285845 -1.36226827806034 0.320787746332341 0.252580888370186 -0.961394584794209
1.60305001413797 -0.128487844961211 -1.96462865538663 1.29945386478253 1.36483112217371 -1.96365011095706 1.30507659128773 -0.949487821320063 -1.30449896958711 -0.912490292184527 0.706424730125835 -2.2778857873797 -0.217495540339369 -1.19893058546396 0.303908311278125 -0.0492257634705968 -1.59291357001086 -0.581918007907879 1.13748818995751 -0.192769963626524
2.61495280818769 0.20531593741453 -3.30602604840016 -0.0702834509772766 3.58580819413199 -2.50693185131414 -1.04786324179763 -1.38451207638878 -1.58335459345364 -0.804415660303313 0.285862201080366 -1.96467262471357 0.503627307724178 -1.72714666815584 0.950806683746296 -1.135067309772 -1.33911266524806 0.119776939187364 -0.0779462716376187 -1.05493743563258
1.86867067379084 0.731262787645111 -3.30163219745157 2.13156309474792 3.48648473212329 -1.85326704006029 8.53421168515167e-05 -1.84575539539476 -2.81733770021737 -0.524837386105433 0.957495827727638 -2.18071183790048 -0.98583489969597 -2.67817921008014 1.33170410723956 1.28779754695532 -2.09182773232997 -0.188048513241915 1.38412145768934 0.807975771588212
2.00647053308734 -0.833248732015999 -1.37735235555695 0.462884962547579 2.66817601583808 -1.42040020925837 -0.269449896772668 -0.87446849180715 -0.945979776647354 -1.72056048957141 0.287226593282152 -0.722485288405781 0.324821507799428 -2.06082311453662 0.271552796134087 -0.68195573117537 -0.908625577107742 -0.204762849884954 0.548540730479462 -1.5818325720936
0.555969918694201 0.302725108795927 -0.613993835548732 0.792611608062296 1.27922541638507 -1.00116834809956 0.0990543986528415 -0.976918279516608 -2.03118281976079 -0.398552753884951 -0.995025316166476 -1.81240493813007 0.284549235456718 -1.23881830218242 -0.811531309353574 -0.437033562533585 -0.338241648992647 -0.00223694955851692 1.05063822528631 -0.915696930462041
0.79654821765796 1.20294181640705 -0.346154734162434 1.20172025310247 0.304996857635033 -0.180507572162587 1.88172018095266 -1.06940858595422 -1.53712241206589 0.16308091456511 -1.67969709757229 -0.500826457002587 0.999393506936978 -1.49727360239162 -0.0677378198808828 0.391228192663946 -1.49603534417854 -0.967074407094414 0.234079652527173 -1.42655094354768
1.77604955289932 0.485730142444143 -2.69380618302631 1.38928875490204 2.57792762183555 -1.39396747908535 0.750773060851863 -2.2824006085193 -1.7803283055631 0.493171923218974 1.37376328218059 -1.75134894187314 -0.668734639817113 -2.26900025017975 0.737494651106795 2.16419075524683 -1.29971602149243 -1.1954798414101 0.749996447800116 -1.60713695162186
0.855993750173539 -0.0858233405629863 -1.69283530958871 0.324144059934083 2.18982461171955 -0.21441849085427 0.483165661961746 -1.42750959976728 -1.63780099732023 -0.773779176822969 -0.69295918215918 -0.824401123982394 0.494360843249703 -0.91025636249721 -0.554131921996322 -0.330726161251343 0.354017921316258 -0.359852127326028 1.14997070821818 -0.590836388317181
2.77093465853208 -0.225584023947601 -3.0504041796463 0.0508748703694172 2.88241263104902 -3.47076354779043 -0.34375297101706 -1.28451982173966 -2.5062618777822 -1.67576050561722 1.08218085624901 -3.15523089374868 -0.268669799181101 -2.53002986305986 1.05584136697344 0.286658087254351 -2.72289889435626 -0.529983032203872 0.766139692306126 -1.72071319390495
2.80510265061796 -0.956474088349347 -1.37120655155467 -0.15826053567719 2.02706304379194 -3.05990169810282 1.05396260375953 -0.816585084694142 -1.52043375302583 -2.27413786880387 -0.466871465120826 -1.49340253485419 0.272189169506509 -1.83854030124916 1.37057528065722 -1.63900997987365 -2.47708681888088 -0.390384664487823 1.17764513127265 -1.93173245754858
1.80750287440192 -0.0751373400314482 -1.08967094526504 0.216887616384798 2.11916880224785 -1.60941069271071 -1.46210021424602 -0.646790416330046 -1.56187001355554 -0.490273695939702 -0.0675361780550646 -1.50833542672387 0.194718449998583 -1.12967243908093 -0.342857783691638 -0.580432083588012 -1.28355437823545 -1.021639977728 0.524416376104263 -0.820309754947263
0.957654371286018 -0.138604334406513 -2.01937953614436 0.485472885812051 0.839608866283457 -0.447784537155973 -1.6390333297848 -0.507991960538508 -0.093575482956752 0.329773711364461 0.00991073805190656 -0.78368992057438 0.390478136701763 -2.25818471460562 1.21046904606211 0.853141357826116 -1.67006867035533 0.111851058749927 0.816764333551015 0.132577396144443
0.828312745495843 0.580504194492662 -0.528892123015577 0.258515124802676 -0.223277148621758 -0.432058552305882 0.831522685295372 0.0262618215443146 -0.106174419019233 -0.0206835816345747 0.0639404032293318 -0.633635835945856 -1.18762612908472 -0.51665652221146 -1.02324319887189 -0.370132617166995 -0.495792788331678 -0.242198916702189 1.21467688283268 0.158276962525891
3.23621911429918 -0.0661605491529265 -4.37035358209301 -0.209176908890601 3.87400058803522 -3.28129071907382 -0.447520300212046 -1.33088499336297 -1.83291203372697 -0.943687709283794 0.852835184234819 -3.17817933995575 0.00722910321113085 -2.22481203955023 1.25881279017106 -1.46632794974914 -2.79273051965583 -0.154993721553905 1.53193385594364 -0.0179747016535757
1.37139146919719 1.1904669331464 -1.87522879033862 0.613002876034463 1.62386154202264 -0.445129229311918 0.0878966690250189 -0.648162819391412 -1.48991048595039 -0.413460775626899 -0.199813607073618 -0.385967677316665 0.204398233355861 -2.36673615933113 -0.330171365569852 0.301204033542511 -0.284362245986812 0.913143911088156 0.0048103334984157 -0.456232090591978
2.07446525498375 0.682742993087846 -2.98003025091237 1.01862725579215 3.29100820938415 -2.7141607636413 0.848444240046574 -1.43157193179537 -1.77237510656233 -0.267687007292002 1.60261514140157 -3.0067203661245 -0.308737945526155 -2.40178156504477 -0.507993527288696 0.17426925707925 -1.75291888232573 -0.510355873219954 0.173002805961461 -1.20772119315787
2.26459541582963 -0.480683731391884 -1.7949879843548 -2.18728783989133 3.33962873103181 -1.66877645752262 -1.67398939953661 -0.583718327761739 -0.960167432046068 -0.692134560561736 -0.734470563737956 -1.59033093373276 -0.115883647962736 -1.44940573370988 1.69927248024158 -1.5802071092711 -1.45133925379984 -0.637788709293564 0.060390383821378 -1.09168313590141
1.84836241169152 1.0509270678577 -0.454933213112233 -0.295641275163002 1.21579071804751 -2.08449085863399 -0.0666838222690669 -0.170475640473338 -1.93250650973703 -0.743080920170188 -0.942500444333886 -0.570416225826202 -0.121614132556473 -0.616790090098656 -0.254473766140645 -0.78705548878947 -0.0106056276438645 -1.11331760070354 0.730590792780059 -1.06838146808944
-0.530441662059765 1.57663460750542 -0.931762378671425 1.50875987401461 0.673038539559582 1.21235982221487 0.838688294554229 -1.61554504558183 -0.92755354643418 -0.0329673682545761 0.752793148178835 0.12945326842798 -1.09927146737756 -0.111496485297837 0.571872048161131 -0.817868326997496 -0.462055795700101 -0.390648678703237 0.156321230930138 0.673750810725421
0.401145376139037 -0.0616168571518722 -1.23356752402321 -0.277882354056701 3.02461919314495 -0.976126940121111 -2.1479535171249 -0.565957849310293 -1.36169853631409 -0.375213750097904 0.640283669169573 -1.57551167723928 0.501622351049271 -2.23202133998596 1.12212959623473 0.559862588762041 -0.344482336865344 -0.427180478169051 0.653530283436976 -0.254009544658734
0.24971888049547 1.16947171969216 -1.65710434888928 0.885658669892126 3.22869975993768 0.0617218890628023 0.478011632015064 -1.0896757688733 -1.04144101946078 1.01122943969688 0.590285381111399 -0.615598176847139 -0.595848846945914 -1.32772259051743 1.30117718045827 0.0139793044578094 -0.365755080507777 -0.773882478774495 0.69386836368222 -0.3421607532855
0.0383843787798718 0.538351398621705 -1.34961300992029 0.264138968189386 1.65162061296211 -0.645299477192061 1.29502502251963 -0.885539767680125 -1.90280128342437 -0.55801650408717 0.598273841917588 -1.5731401097437 -0.913060988638902 -2.17667115415855 -0.942604670771371 -1.47484788446689 -0.365671070211329 -0.0767568323329187 0.869594849595187 -0.131648880759827
-0.163073365969425 1.03196459793675 -1.5467346638515 1.60279370525094 2.34035971667811 0.611442762565628 -0.406996440392143 -2.36126728730673 -1.54279806734205 0.819126978178096 -0.440154860692544 -0.29256430769216 -0.511539614165487 -0.846904006145323 0.684197974591655 -0.118245924631267 -0.132752857743923 -1.89653907482332 1.23628403879334 -0.499098269511557
3.68491139068707 0.564921620223189 -3.73589237199766 0.391811952523376 3.77500569434363 -3.44881623804636 -0.581019777394196 -2.13184725172827 -3.29127610810548 -2.08886029983283 0.644695371800028 -2.63173306053615 0.325488536677099 -3.35586678878576 2.3500546761808 -1.36811839294832 -3.11919229923442 0.592465034791585 0.973337055630943 -1.37279516759243
2.60343843561862 -0.271546496481839 -2.75998967198722 -0.755957598158981 1.18228952998833 -1.24992367742941 -0.136400859966826 -0.059133584740439 -1.5781139998701 -0.958966026960331 -0.259514388415933 -1.68218014432838 0.235796717137637 -0.132148256367731 -0.555290441672461 -0.375112367741594 -0.998116791397095 -0.767621586362589 0.137468036702814 -1.32047466160672
2.50450746642575 -0.674734364920944 -3.45485338458665 -0.617441018665224 3.03676135023757 -4.16776468211991 -2.44776099026647 -1.17588133775846 -1.56182624095294 -1.79536424283807 -1.28634308419025 -2.69272227641349 0.201904586336116 -1.67188947731961 0.542336753591825 -0.364482624631009 -2.69324591600419 -0.537786677977928 0.828276235080445 -1.45303421356054
0.509490205471327 0.352320654717664 -1.67444207742962 0.591781424216542 3.60926107094908 -1.8705666190967 -0.125933992307513 -1.69202316842504 -2.3710317317201 0.716539248461099 0.532103742499189 -2.03000864356339 -0.644303288597961 -1.85854483867139 0.888634969643396 -0.159758040052656 -0.83114824507416 -0.0420907544464968 0.312365407073103 -0.512901782467834
3.96648728258274 0.106431908232327 -3.91335851767388 0.853341792526837 4.55544918623972 -3.34162401289193 0.129685118884607 -2.41294978515227 -2.58198591769421 -1.1501406083896 0.931611322108722 -2.87912592801767 0.531770728015096 -1.07612764595138 1.05196780594909 -1.34732429218686 -2.82977312362676 -0.299338977570201 0.875334142212292 -0.739220309750569
0.301082887074232 -0.489477439139245 -0.685982211214577 0.320516204396916 0.654004240016167 0.526808176104042 -0.569280760154215 -0.149114371108374 -0.0192243857342247 -0.645071540089191 -1.05033103819745 0.29332383738607 0.347860264007896 -0.990913573487376 -0.581071368944587 -0.102283085876097 0.00403394706546156 -0.0400210208305487 0.628261359945225 0.386191564978572
-0.675020284450126 0.521721094101772 -0.790871640111767 -0.470912872599847 0.665209801078766 0.839240269984793 -1.64585037883092 -1.12226916719053 -1.87253666357433 0.623707035613736 -1.59340718497974 -0.354697695560282 0.253705609996303 -1.51645906608002 -1.21595771259949 -0.0491252426438914 -0.24182373620743 -1.01049563271615 0.920640454110832 -0.317524931639111
0.0536961388784247 0.295655246842927 -2.90301552724911 0.22673862709268 4.14692180224226 -2.07630976498115 -1.30724230656334 -0.835621822262509 -1.81235322457596 -0.799013207289773 0.838892704319166 -1.89074484481263 0.412229335655908 -2.22758235438873 0.988590582669709 0.019428718624834 -2.55126620261034 0.416675933262391 0.531322654513054 0.461297671490408
-1.52148160203122 -0.173905079246625 0.743752616769469 0.646533269660435 0.611517271927057 1.33776914642834 0.680890917281217 -1.33929353507088 -1.1640702875737 0.928190387994134 -0.496734159137433 0.788820648859541 -0.337509627680736 -0.512780382745054 -1.55795788375577 -0.307052458891156 1.27442874069301 -0.712830692651299 0.991248239669511 -0.0749013785544604
1.80088451639157 0.0691383978764638 -3.18732335850318 0.695712956381313 3.94673951661566 -2.77116788941175 0.0863472257353811 -1.3094533704666 -2.32953871434705 -1.28086309347031 0.0829766281246001 -2.09696740966342 0.13969301207537 -2.79170143992274 2.143557641494 -0.627232976651444 -2.82566010976501 -0.75907574669622 1.19565764930109 -0.745032526383883
2.18379377026427 1.34161450619109 -2.80398462151759 0.803819670895778 2.31265811605881 -2.91409640357791 -0.101953904834559 -1.15054809889101 -0.638299631099202 -0.892845356408149 1.44640150132908 -2.75274125045412 -0.94339229056403 -1.77537188785047 -0.206428587572685 -0.119659467637726 -1.50157828387836 -0.694208297706218 0.730380804716616 -0.681187980942678
1.82725996818804 0.369421082660346 -2.91758035160345 1.83875911597779 1.77800496483333 -2.06593486333066 1.51781880263389 -1.43921421851919 -1.34752654381981 -0.550146025772168 0.358317565939781 -1.65385539525908 -0.329313323618893 -1.93165937761954 0.607916071988657 0.26618733248428 -2.71327285350381 -0.921302914578988 1.05067663326383 -1.72881425951916
4.39783286135817 -0.140533822408536 -3.35175612479352 0.45120141473875 4.98100190724818 -3.65335234987861 -0.248625747027998 -1.75876485821637 -3.19107971117443 -1.5061334191513 0.222282553885401 -2.95775141544036 -0.251601673744693 -2.66627958241589 1.43526981850615 0.237984199217081 -1.12138202405865 -0.603807262666092 1.07740875322338 -0.818758863211867
1.88543352784995 -0.619961347228534 -1.3472997295461 -1.11519015175656 1.79684119235982 0.362823670364163 -1.23688179925057 -0.756343786191431 -0.531840016842798 0.256634564797758 -1.74827838353178 0.102076398381387 0.146699277755377 -0.621688206384553 0.450053098323223 0.33292291557581 -0.407363139472395 -0.618422525308378 0.569327669240024 1.6320726097749
0.495872397620299 -0.107924274832963 -0.0194921366163047 -0.610113146084152 -0.0459288538522966 1.17494015991083 -1.41421074241994 1.02053576303152 -0.586621242773676 -0.010327398615662 -0.46302411992696 0.530670764524285 0.160108922243173 -2.25732050777865 -0.818043776627593 0.356016990521701 1.15318360758961 -0.505261665479691 0.382534755698231 -0.668731905528136
2.86706838453039 1.08284948502675 -3.12733789887023 1.69114580633099 4.58753148680851 -3.40584576183443 0.0417326123758599 -2.00058100674365 -2.51194662555702 -2.10485816862135 1.16829848051045 -2.65467100589049 -1.09595105029954 -0.858960636403745 1.38172075430157 -1.22655197149703 -1.53277543400957 1.1072586247432 0.444671759589933 -0.316125559556866
